Subject ID	 HC59	 HC60	 HC68	 HC98	 HC74	 HC88	 HC91	 HC94	 HC75	 HC76	Case 1 	Case 1 	Case 1 	Case 1 	Case 1 	Case 1 	Case 2 	Case 2 	Case 2 	Case 2 	Case 2 	Case 1 	Case 1 	Case 1 	Case 2 	Case 2 	Case 2 	Case 2 	Case 3 	Case 3 	Case 3 	Case 3 
Time	0	0	0	0	0	0	0	0	0	0	4	5	6	7	8	9	6	7	8	9	10	11	12	18	11	12	13	19	9	10	11	12
Disease	 HC 	 HC 	 HC 	 HC 	 HC 	 HC 	 HC 	 HC 	 HC 	 HC 	 nCOV 	 nCOV 	 nCOV 	 nCOV 	 nCOV 	 nCOV 	 nCOV 	 nCOV 	 nCOV 	 nCOV 	 nCOV 	 nCOV 	 nCOV 	 nCOV 	 nCOV 	 nCOV 	 nCOV 	 nCOV 	 nCOV 	 nCOV 	 nCOV 	 nCOV 
ABCB1	7.43	7.71	7.01	7.44	7.48	7.25	7.52	6.84	7	7.27	7.87	7.69	7.4	7.38	7	7.66	7.36	7.02	7.16	7.47	7.86	7.18	7.61	7.82	7.39	7.28	7.53	7.68	7.42	7.44	7.31	7.35
ABL1	6.33	6.28	6.02	6.47	6.53	6.58	6.21	6.51	6.22	6.41	7.13	7.25	6.68	6.89	6.57	6.9	7.09	6.91	6.83	6.96	7.08	6.58	6.88	6.42	6.69	6.64	6.99	6.46	6.84	6.94	6.78	6.62
ADA	6.87	7.34	7.09	7.31	7.14	7.13	7.06	7.59	7.07	6.41	7.035	7.26	7.07	7.05	6.99	7.35	7.2	7.36	7.46	7.31	7.14	7.04	7.33	7.15	6.97	6.95	7.03	6.86	7.83	7.57	7.55	7.64
AHR	9.31	8.78	8.69	8.74	9.6	10.12	8.84	9.41	9.34	9.4	9.195	9.47	9.26	9.47	9.29	9.29	9.45	9.27	9.32	9.17	9.46	9.11	8.92	9.04	9.02	9.42	9.21	8.95	8.75	8.64	8.93	8.9
AICDA	3.97	4.6	3.95	3.73	3.89	3.93	4.17	3.77	3.82	4.88	3.125	3.15	2.79	3.23	3.09	3.14	3.19	3.06	3.01	2.8	3.04	3.34	3.37	3.56	3.41	2.75	3.36	3.4	3.04	3.45	2.96	2.45
AIRE	4.23	4.44	3.81	3.73	4.33	3.88	4.17	3.95	4.71	3.86	3.125	3.15	2.79	3.23	3.09	3.14	3.19	3.06	4.1	3.71	3.54	3.34	3.37	3.68	3.41	3.11	3.57	3.57	3.04	3.45	2.97	3.64
APP	9.34	9.23	9.02	9.06	9.45	9.34	9.56	9.39	9.41	9.08	9.755	9.42	9.63	9.73	9.91	9.52	8.81	8.73	8.52	8.62	8.57	9.98	9.83	9.1	9.87	9.02	9.06	8.78	8.78	8.76	9.07	9.31
ARG1	6.93	6.74	5.72	6.77	6.24	7.92	7.65	6.96	6.68	4.83	7.72	7.91	8.81	7.66	7.69	7.39	6.27	4.58	4.33	4.81	4.25	7.75	7.39	6.69	7.58	5.4	4.61	4.57	3.92	4.03	4.75	4.75
ARG2	4.87	3.74	4.66	3.83	3.99	3.88	3.66	3.95	3.82	3.86	5.005	4.32	4.71	4.82	4.68	4.7	3.19	3.06	3.18	3.23	3.04	4.67	4.39	3.8	4.87	3.11	3.37	3.4	3.92	3.45	2.97	3.4
ARHGDIB	12.81	12.52	12.64	12.65	12.68	12.63	12.7	12.65	12.65	12.84	12.17	11.96	12.16	12.02	12.06	12.03	11.88	11.79	11.75	11.9	11.86	12.24	12.13	12.13	12.13	12.17	12.1	12.22	11.91	11.85	12.11	12.01
ATG10	5.15	4.93	5	5.07	5.13	5.35	4.89	5.31	5.22	5.07	5.875	5.62	6.47	6.27	5.55	5.51	5.9	5.55	5.37	5.84	5.63	5.27	5.18	5.26	5.62	5.77	4.99	5.66	5.82	5.51	5.53	5.07
ATG12	4.81	5.05	4.6	4.55	5.58	4.55	4.99	5	4.91	5.2	5.215	5.2	5.19	4.98	5.09	4.93	5.54	5.4	4.71	4.86	4.78	4.83	4.21	4.95	4.36	4.89	4.66	4.45	4.37	4.19	4.61	4.03
ATG16L1	7.63	7.78	7.39	7.85	7.71	7.51	7.45	7.38	7.55	7.6	7.32	7.56	7.61	7.27	7.39	7.19	7.62	7.55	7.46	7.7	7.52	7.26	7.56	7.63	7.46	7.36	7.31	7.54	7.41	7.47	7.56	7.56
ATG5	7.82	7.94	7.87	8.22	7.96	8.02	7.91	7.93	7.85	7.81	8.67	8.61	8.97	8.55	8.38	8.39	8.69	8.49	8.62	8.59	8.56	7.64	7.45	7.8	7.83	8.05	7.64	7.83	8.18	8.42	8.24	8.12
ATG7	8.67	8.01	8.09	8.22	8.55	8.52	8.12	8.27	8.38	8.59	8.195	8.71	8.73	8.57	8.54	7.97	8.49	7.82	7.83	7.8	7.37	7.99	7.87	7.63	8.33	7.96	7.73	7.46	7.65	7.77	7.95	7.93
ATM	5.52	4.93	5.39	4.88	5.26	4.72	4.78	5.31	5.26	4.66	5.035	4.08	5.56	4.82	4.85	4.23	4.45	5.05	4.4	4.71	4.88	5.15	5.05	4.49	4.93	5.19	4.74	4.45	4.67	5.15	4.84	5.03
B2M	16.94	16.89	16.66	16.53	16.68	16.69	16.73	16.83	16.61	16.67	17.67	17.4	17.69	17.03	16.9	16.71	17.13	17.3	16.97	16.92	16.69	14.81	14.39	15.46	14.83	14.87	14.02	15.16	14.86	15.16	15.2	14.85
B3GAT1	4.97	6.08	5	5.52	5.09	5.81	6.15	5.09	5.74	4.72	5.79	5.32	5.76	4.7	4.79	5.48	4	4.28	4.26	4.36	4.72	4.67	5.02	5.3	5.41	4.26	4.32	3.8	4.92	4.62	4.44	4.26
BATF	6.55	7.39	6.92	6.86	6.19	7.32	6.79	7.02	6.97	6.6	7.69	7.79	7.67	7.17	6.72	6.48	6.75	7.36	7.14	7	6.75	6.62	6.78	6.72	6.54	6.58	6.56	6.42	7.13	7.19	7.5	7.32
BATF3	5.99	5.64	5.46	5.45	5.84	6.25	5.4	6.44	5.65	5.5	5.485	5.14	5.5	4.21	4.41	5.2	6.45	6.58	5.71	5.4	5.54	4.71	4.52	5.55	4.73	4.94	3.96	5.35	4.99	5.07	4.8	4.75
BAX	9.67	9.66	9.86	9.85	9.91	9.96	9.85	9.99	9.89	9.55	9.78	9.82	9.76	9.76	9.81	9.72	9.9	9.89	9.81	9.7	9.6	9.68	9.63	9.61	9.6	9.66	9.53	9.53	9.94	9.93	9.92	9.91
BCAP31	9.54	9.57	9.52	9.6	9.5	9.43	9.54	9.53	9.47	9.47	9.615	9.5	9.41	9.51	9.41	9.41	9.32	9.37	9.27	9.26	9.37	9.57	9.51	9.24	9.38	9.44	9.39	9.51	9.43	9.37	9.44	9.31
BCL10	9.76	9.62	9.64	9.59	9.59	9.74	9.62	9.71	9.61	9.54	9.945	9.9	10.11	9.59	9.53	9.25	9.62	9.58	9.34	9.49	9.26	9.25	9.23	9.31	9.2	9.56	9.42	9.54	9.55	9.58	9.61	9.56
BCL2	8.46	8.24	8.7	8.71	8.31	8.01	8.33	8.27	8.67	8.31	7.345	7.87	6.85	7.54	7.49	7.29	7.65	7.99	8.08	7.82	8.2	7.5	7.57	7.15	7.67	8.06	7.92	7.57	7.61	7.56	7.8	8.04
BCL2L11	6.91	7.1	6.75	7.27	7.11	6.83	7.33	7	7.07	7.28	6.97	6.73	7.12	6.89	7.23	6.58	7.35	6.57	6.82	6.96	6.65	6.23	6.22	6.72	6.62	6.55	6.6	6.56	6.08	6.13	6.47	6.56
BCL3	8.16	8.13	8.08	7.99	7.92	7.62	8.29	8.04	7.78	8.33	9.475	9.22	9.53	8.85	8.63	7.86	8.29	8.14	7.64	8.07	6.72	7.15	6.96	7.65	7.55	7.31	7.14	8.15	7.41	7.35	7.22	7.47
BCL6	9.9	9.49	9.35	9.58	9.21	9.35	9.79	9.53	9.5	9.95	11.055	11.29	11.77	10.81	10.64	9.93	9.83	9.29	8.96	9.28	8.14	9.45	9.09	9.75	9.8	8.96	8.35	9.3	8.87	9.13	9.11	9.19
BID	5.92	5.6	5.46	5.67	5.41	5.67	5.17	5.39	5.65	5.56	5.31	5.43	5.97	5.48	5.82	5.09	5.24	5.05	4.66	4.71	4.66	4.86	4.81	5.05	4.97	4.98	5.09	5.6	4.37	4.95	4.75	4.99
BLNK	6.19	5.81	5.95	5.81	6.09	6.52	6.03	6.12	6.07	6.2	6.51	6.23	6.87	6.03	6.04	5.82	6.32	6.38	5.87	6.11	5.81	6.05	5.65	5.42	5.77	5.67	5.85	5.85	5.99	6.2	6.21	6.01
BST1	10.57	10.21	9.94	9.75	10.04	10.29	9.94	10.27	9.87	9.91	11.32	11.43	11.54	11.1	11.1	10.34	10.67	10.29	9.91	10.31	9.58	9.78	9.03	9.18	9.92	10.09	8.89	9.52	9.61	9.82	10.21	10.28
BST2	7.67	8.24	7.5	7.57	7.83	7.18	7.44	8.21	7.68	7.55	9.84	9.61	9.07	8.17	7.99	8.02	9.75	9.43	9.15	8.35	8.22	7.66	7.63	7.72	7.68	7.93	7.82	7.82	9.41	9.04	8.64	8.33
BTK	8.25	8.24	8.3	7.88	8.37	8.34	8.16	8.55	8.29	8.34	8.135	8.09	8.52	8.08	7.92	7.75	8.16	7.99	7.68	7.67	7.47	7.76	7.56	7.88	7.85	7.75	7.33	7.5	7.52	7.65	7.86	7.85
BTLA	8.71	8.31	8.55	8.83	8.63	8.87	9.07	8.98	8.98	8.98	9.015	8.65	8.72	8.59	8.48	8.58	8.69	8.71	8.76	8.76	8.67	7.55	7.92	8.05	7.75	8.06	8.1	8.04	8.04	8.14	8.12	7.97
C14orf166	9.9	9.88	9.93	9.91	9.97	9.97	9.75	10.16	9.99	9.69	9.85	9.65	9.53	9.74	9.78	9.7	9.93	9.94	10.07	9.91	10.12	9.11	8.87	9.25	9.02	9.41	9.15	9.23	9.46	9.43	9.59	9.53
C1QA	4.45	5.05	4.84	4.61	4.61	5.19	4.67	5.18	4.71	4.72	5.915	5.14	5.61	4.87	4.34	4.43	5.35	5.62	4.71	4.49	4.4	4.45	4.48	5	4.36	4.26	4.47	5.08	5.43	4.91	4.44	4.4
C1QB	4.76	5.56	5.05	4.88	4.94	4.67	4.47	5.6	4.33	4.53	6.25	5.79	6.12	4.7	5.34	5.48	7.01	6.48	6.26	5.4	5.54	4.83	4.7	4	5	4.4	4.09	4.63	6.38	5.54	5.47	4.85
C1QBP	9.21	9.32	9.23	9.33	9.27	9.45	9.26	9.44	9.14	9.34	9.7	9.68	9.6	9.6	9.36	9.62	9.7	9.81	9.81	9.71	9.67	9.31	9.27	8.89	9.03	9.41	9.56	9.52	9.87	9.85	9.83	9.59
C1R	3.81	3.74	3.81	3.83	3.55	3.88	3.66	3.77	3.82	3.98	3.75	3.15	2.79	3.23	3.26	3.16	4.35	3.51	3.47	2.8	3.04	3.34	3.37	3.56	3.41	3.11	3.36	3.4	3.67	3.45	3.38	3.53
C1S	3.81	3.74	3.81	3.47	3.89	3.88	4.17	3.95	3.91	4.16	3.685	3.94	4.97	3.44	3.41	3.84	3.19	3.51	2.88	2.8	3.04	3.34	3.37	3.56	3.41	2.75	3.37	3.4	3.04	3.45	2.96	2.53
C2	4.23	5.16	4.14	4.78	5.09	5.48	4.25	5.46	5.14	4.6	7.27	7.29	6.87	6.03	5.68	5.51	7.41	7.41	7.12	6.17	5.81	5.54	5.05	4.74	5.56	4.94	4.85	5.08	7.03	6.81	6.47	5.85
C3	4.58	4.74	4.31	3.73	3.55	4.55	3.78	3.77	4.33	3.86	3.96	4.08	4.39	4.82	4.09	4.3	4.71	4.71	4.26	3.07	4.54	3.54	3.99	4.26	4.05	4.4	3.89	4.31	3.04	3.86	3.61	3.26
C4A/B	5.01	5.67	5.09	4.55	4.17	5.02	5.25	5.53	4.87	5.16	5.125	5.57	5.39	4.7	4.73	4.16	4.79	4.71	4.18	4.36	4.54	4.3	4.15	4.09	4.22	4.03	3.36	4.08	3.76	4.32	4.32	4.11
C4BPA	3.81	3.74	5.56	6.35	6.17	3.88	6.25	3.77	6.33	3.86	3.125	3.15	2.79	3.23	3.09	3.14	3.19	3.06	2.88	2.9	3.04	3.34	3.37	3.56	3.41	3.11	3.36	3.4	3.04	3.45	2.96	2.45
C5	5.61	5.93	5.23	5.24	5.48	4.88	5.29	4.95	5.22	4.88	5.755	4.87	5.71	5.33	4.95	4.93	5.96	5	4.54	4.99	4.78	4.86	4.87	5.09	4.9	4.94	4.74	4.51	5.03	5.51	4.93	5.11
C6	4.87	5.21	4.78	4.73	4.94	4.67	4.54	4.84	4.96	4.72	4.41	5.14	5.05	4.12	3.9	4.09	4.79	4.51	4.18	4.07	4.17	3.34	3.52	4.26	4	3.85	3.89	4.38	3.76	4.03	4.26	3.94
C7	3.81	3.74	3.81	3.47	3.55	3.88	3.66	3.77	3.82	3.86	3.125	3.79	4.71	3.44	3.41	3.14	3.19	3.36	3.33	2.8	3.04	3.34	3.37	3.56	3.41	2.75	3.36	3.4	3.26	3.45	3.38	2.53
C8A	3.81	3.74	3.81	3.47	3.55	3.88	3.66	3.77	3.91	3.86	3.62	4.2	4.71	3.23	3.41	3.14	3.19	3.36	3.6	2.8	3.04	3.34	3.37	3.56	3.41	2.94	3.36	3.8	3.04	3.45	2.96	2.53
C8B	3.81	3.74	4.05	3.47	3.55	3.88	3.78	3.77	3.82	3.86	3.125	3.15	2.79	3.23	3.09	3.14	3.19	3.06	2.88	2.8	3.04	3.34	3.37	3.56	3.41	2.75	3.36	3.4	3.04	3.45	2.96	2.45
C8G	3.81	4.26	3.81	3.47	4.17	3.88	3.66	4.14	4.4	3.86	4.11	4.43	4.61	3.82	3.9	3.93	4	3.06	2.88	2.8	3.66	3.34	4.35	4.49	3.93	2.75	3.36	3.4	3.76	4.03	4.12	3.75
C9	3.81	3.74	3.81	3.47	3.55	3.88	3.66	3.77	3.82	3.86	3.125	3.15	3.8	3.23	3.09	3.14	3.19	3.36	2.88	2.8	3.4	3.34	3.37	3.56	3.41	2.75	3.36	3.4	3.04	3.45	2.96	2.94
CAMP	6.57	9.12	6.95	6.7	6.81	10.93	9.88	8.15	6.4	7.16	7.825	7.5	8.01	8.93	9.76	9.75	6.56	6.38	6.01	6.41	6.1	9.6	9.02	7.98	9.4	6.67	5.94	6.12	5.6	6.05	6.53	6.74
CARD9	5.52	5.71	5.87	5.61	6.35	5.98	5.44	5.72	6.05	5.5	4.96	4.87	4.97	4.51	4.73	5.2	6.06	5.78	5.71	5.43	5.33	5.3	5.1	5.26	5.46	5.36	4.99	5.12	5.31	4.77	4.93	5.75
CASP1	10.36	10.4	9.88	10.28	10.29	10.06	9.93	10.67	10.43	9.97	11.48	11.49	11.47	10.66	10.6	10.19	11.27	11.07	10.56	10.48	9.98	9.73	9.4	9.69	10	9.87	9.26	9.54	10.35	10.28	10.28	10.19
CASP10	4.87	3.74	5.09	3.73	3.55	3.88	3.66	5.18	3.91	3.86	3.125	4.43	2.79	4.87	4	5.57	5.93	6.19	5.37	4.55	4.47	4.4	4.87	5.3	4.27	3.75	4.47	3.57	5.03	4.11	5.47	5.23
CASP2	8.8	8.78	8.61	8.68	8.58	8.59	8.71	8.64	8.7	8.77	8.805	8.75	8.99	8.69	8.77	8.7	8.75	8.65	8.78	8.86	8.71	8.69	8.9	8.55	8.75	8.71	8.61	8.78	8.76	8.66	8.8	8.82
CASP3	8.46	8.69	8.68	8.7	8.99	8.59	8.58	8.58	8.75	8.81	9.03	8.82	8.8	8.88	8.86	8.69	8.83	8.56	8.67	8.35	8.52	7.91	7.37	8.12	8.01	7.69	7.14	7.4	7.9	8.07	8.28	8.2
CASP8	11.09	10.73	10.77	10.73	10.84	10.87	10.62	10.87	10.56	10.92	10.915	11.01	11.35	10.64	10.7	10.48	11.11	10.82	10.47	10.66	10.63	10.1	10.12	10.68	10.42	10.58	10.23	10.53	10.23	10.23	10.32	10.44
CCBP2	5.15	5.48	4.95	4.73	4.54	4.78	5.51	4.31	4.71	4.32	3.75	3.94	3.61	3.23	3.41	3.14	3.19	3.89	2.88	2.8	3.04	3.54	3.52	4.9	4.05	3.64	3.74	3.8	3.04	3.57	2.96	3.53
CCL11	3.97	4.93	4.39	4.2	4.33	4.27	4.33	4.31	4.09	4.24	3.86	4.43	4.61	3.23	4	3.43	4.79	3.89	4.01	3.36	3.66	3.71	3.37	4	3.41	3.64	3.36	3.9	3.26	3.45	3.61	3.64
CCL13	4.06	3.74	3.81	3.47	3.67	3.88	4.33	3.77	4.18	3.86	3.75	3.15	4.12	3.7	3.09	3.14	3.19	3.06	3.18	2.9	3.04	3.34	3.37	3.56	3.41	3.11	3.36	3.57	3.04	3.45	2.96	3.26
CCL15	4.06	3.74	3.81	4.11	3.55	3.88	4.17	3.77	3.82	4.07	3.125	3.15	3.61	3.23	3.09	3.14	3.19	3.06	3.33	2.8	3.04	3.34	3.37	3.56	3.41	2.94	3.36	3.4	3.04	3.45	2.96	2.53
CCL16	3.81	3.74	3.81	3.47	3.55	3.88	3.66	3.77	3.82	3.86	3.125	3.15	2.79	3.23	3.09	3.14	3.19	3.06	2.88	2.8	3.04	3.34	3.37	3.56	3.41	2.75	3.36	3.4	3.04	3.45	2.96	2.45
CCL18	4.06	3.74	4.05	3.47	4.09	3.88	3.66	3.77	4.33	3.86	4.535	4.43	4.8	3.23	3.09	3.16	3.19	3.78	3.47	2.8	3.54	3.34	3.37	4.18	3.41	2.75	3.36	3.4	3.04	3.57	2.96	2.94
CCL19	4.23	3.74	4.05	3.83	3.55	3.88	4.08	4.05	4.01	4.07	4.67	4.79	4.8	3.58	4	3.14	3.86	3.36	3.33	3.36	3.04	3.34	3.37	3.56	3.41	3.11	3.36	3.45	3.37	3.45	2.97	3.26
CCL2	4.15	4.6	3.81	3.73	4.41	3.88	4.25	4.78	3.82	3.86	5.345	4.32	4.39	3.23	3.09	3.14	6.03	5.62	5.1	3.23	3.04	3.34	3.37	3.56	3.41	2.94	3.36	3.4	4.31	3.57	2.96	2.45
CCL20	4.52	3.74	3.81	3.47	3.89	3.88	3.66	3.77	4.01	3.86	4.19	3.15	4.61	3.23	3.09	3.16	4.45	3.51	2.88	3.9	3.04	3.34	3.37	3.8	3.58	3.64	3.36	3.4	3.67	3.45	3.12	3.4
CCL22	4.15	3.74	3.81	3.83	3.55	4.02	3.66	3.77	3.82	3.86	3.125	3.15	2.79	3.23	3.09	3.14	3.19	3.06	2.88	2.8	3.04	3.34	3.37	3.56	3.41	2.75	3.36	3.4	3.04	3.45	2.96	2.75
CCL23	3.81	3.74	3.81	3.47	4.17	3.88	3.66	3.77	3.82	3.86	3.69	3.94	4.5	3.93	4	4.01	3.19	3.06	2.88	2.8	3.25	4	3.81	4.85	3.87	3.4	3.36	3.4	3.04	3.67	2.96	2.75
CCL24	3.81	4.26	3.81	3.93	3.55	3.88	3.89	4.23	3.82	3.98	3.545	3.79	4.5	3.44	3.26	3.93	3.19	4	3.92	3.07	3.25	3.34	3.37	3.56	3.41	3.11	3.36	3.4	3.26	3.45	3.26	2.75
CCL26	3.81	3.74	3.81	3.47	3.55	3.88	3.66	3.77	3.82	3.86	3.125	3.15	2.79	3.23	3.09	3.3	3.19	3.06	3.01	2.8	3.04	3.34	3.37	3.56	3.41	2.75	3.36	3.4	3.04	3.45	3.12	2.94
CCL3	5.97	6.28	5.39	6.03	7.09	5.15	6.47	5.39	5.59	5.63	6.33	6.79	6.19	6.46	6.55	5.84	6.12	6.02	6.32	6.05	6.68	6	5.92	6.55	6.34	6.65	6.4	6.24	4.13	4.32	3.97	4.7
CCL4	7.81	8.37	8.1	8.43	8.26	8.54	8.42	7.53	7.69	7.85	8.935	9.33	8.94	8.99	8.12	8.32	8.41	8.51	8.33	8.02	8.8	7.28	7.5	7.95	7.75	7.75	7.74	7.58	7.18	7.3	7.18	7.02
CCL5	11.29	12.16	11.71	11.82	11.49	12.01	11.87	11.18	11.54	11.5	12.365	12.02	11.97	11.95	11.9	12.18	11.58	11.62	11.77	11.82	12.15	12.2	12.25	12.39	12.18	11.63	11.71	11.5	11.96	11.95	12.11	12.08
CCL7	3.81	3.74	3.81	3.47	3.55	3.88	3.66	3.77	3.82	3.86	3.125	3.15	2.79	3.23	3.09	3.14	3.19	3.06	2.88	2.8	3.04	3.34	3.37	3.56	3.41	2.75	3.36	3.4	3.04	3.45	2.96	2.45
CCL8	3.81	3.74	3.81	3.47	3.55	3.88	3.66	3.77	3.82	3.86	5.025	3.94	4.26	3.23	3.09	3.14	6.27	5.55	5.18	2.8	3.04	3.34	3.37	3.56	3.41	2.75	3.36	3.4	4.53	4.39	2.96	2.45
CCND3	9.3	9.22	9.18	9.37	9.11	9.05	9.23	9.11	8.97	9.06	10.095	10.17	9.97	9.67	9.42	9.53	9.68	9.46	9.32	9.18	9.35	9.49	9.42	9.28	9.35	9.39	9.33	8.73	9.45	9.27	9.46	9.69
CCR1	8.96	9.44	8.29	7.9	8.06	8.07	8.12	8.79	8.34	7.97	11.94	11.81	11.61	10.16	9.48	9.36	11.34	10.94	10.47	10.3	9.19	8.96	8.63	8.89	9.01	9.32	9.04	9.45	10.49	10.4	9.93	9.45
CCR10	3.81	3.74	3.81	3.93	3.55	3.88	3.66	3.77	3.82	3.86	3.125	3.15	2.79	3.82	3.09	3.14	3.19	3.06	2.88	2.8	3.04	3.34	3.37	3.56	3.41	3.4	3.36	3.4	3.04	3.57	2.96	2.45
CCR2	10.15	9.8	9.41	9.5	10.06	10.01	9.21	10.19	9.88	9.3	10.265	10.52	10.03	10.05	10.02	9.87	9.78	9.71	9.76	9.76	9.46	8.98	8.7	9.05	9.17	9.3	8.78	8.82	9.33	9.3	9.75	9.95
CCR5	6.89	8.16	7.46	7.12	7.53	7.76	6.82	7.62	7.23	6.85	8.64	8.38	7.71	8.18	8.33	8.74	9.05	8.82	8.76	8.62	8.75	8.74	9.18	8.46	8.76	8.28	8.35	8.5	9	8.69	8.68	8.21
CCR6	7.56	7.17	7.38	7.29	7.35	7.5	7.48	7.93	7.85	7.49	6.295	6.23	6.05	6.31	6.28	6.32	6.91	7.06	6.75	7.14	7.07	6.25	6.32	6.52	6.11	7.29	7.22	7.37	6.61	6.75	6.37	6.37
CCR7	8.52	8.14	8.42	8.72	7.97	7.73	8.07	8.21	8.18	8.44	7.35	6.99	6.63	7.39	7.3	7.16	8.89	8.79	9.1	9.19	9.36	7.65	7.79	7.47	7.34	9.32	9.47	9.21	9.1	9	9.04	8.96
CCR8	3.97	3.74	4.31	4.27	3.67	4.72	3.78	4.46	4.71	4.16	3.56	3.15	2.79	3.23	3.55	3.54	4.24	3.78	3.47	4.3	4.54	3.54	3.37	3.56	3.58	4.69	4.15	4.31	3.13	3.45	3.12	3.53
CCRL1	4.31	3.74	3.81	4.03	3.55	3.88	4.17	3.77	3.82	3.86	3.125	3.94	2.79	3.44	3.41	3.54	4.24	3.65	3.82	3.61	3.04	3.34	3.43	3.8	3.41	2.94	3.36	3.99	3.58	3.45	3.61	3.53
CCRL2	5.7	6.05	5.89	5.61	5.94	6.61	6.21	6.14	5.79	5.74	7.535	7.45	7.57	6.49	6.55	6.27	7.14	7.16	6.44	6.53	6.34	6.14	6.14	6.43	6.39	5.87	5.82	6.2	6.84	6.78	6.57	6.32
CD14	10.95	10.21	10.41	10.32	10.98	10.87	10.43	10.88	10.53	9.95	12.045	11.95	11.73	11.36	11.03	10.62	11.07	10.94	10.99	10.99	10.14	10.01	9.67	9.99	10.14	10.48	9.94	10.33	10.76	10.71	10.69	10.8
CD160	7.34	7.64	6.44	7.68	6.91	6.47	7.43	6.92	6.89	6.43	6.515	6.37	6.29	6	5.92	6.16	6.45	6.96	7.2	6.84	7.74	5.69	5.92	5.71	6.01	6.33	6.36	5.24	7.62	7.53	7.37	7.58
CD163	8.43	7.78	7.35	7.51	8.14	7.99	7.23	8.05	8.08	7.17	9.4	9.73	9.24	8.65	8.39	8.21	9.75	8.75	8.85	8.34	8.22	7.55	7.14	6.9	7.56	7.75	7.72	7.4	8.12	7.99	8.25	8.65
CD164	10.71	10.76	10.45	10.72	10.63	10.66	10.56	10.86	10.71	10.44	11.2	11.12	10.89	10.66	10.62	10.3	11.05	10.87	10.95	10.74	10.8	9.8	9.78	10.09	9.85	10.46	10.14	10.08	10.84	10.65	10.7	10.54
CD19	7.61	7.37	7.77	7.82	7.66	7.75	8.3	8.29	8.12	8.41	6.265	5.75	6.44	6.64	6.39	6.35	5.82	6	6.18	6.31	5.94	5.54	6.08	6.36	6.15	6.45	6.25	6.73	6.06	6.29	6.17	6.07
CD1A	4.97	4.26	4.46	4.42	4.26	4.88	4.6	4.53	4.81	3.86	3.125	3.15	3.8	3.23	3.9	3.3	3.19	3.51	3.01	4.07	4.08	3.34	3.37	3.56	3.41	3.11	3.36	3.4	3.04	3.45	3.61	3.53
CD1D	7.76	7.58	7.2	7.37	8.25	8.15	7.55	8.05	7.49	7.49	7.69	7.74	7.62	7.26	7.34	7.49	8.27	7.86	7.86	7.61	7.45	7.08	6.93	7.08	7.24	7.43	7.14	7.63	7.37	7.07	7.34	7.31
CD2	7.83	8.47	8.32	8.35	7.77	8.25	7.78	8.3	8.39	7.92	8.335	8.32	7.8	8.08	7.47	8.02	8.15	8.17	8.4	8.35	8.58	7.85	8.17	7.93	7.74	8.08	8.14	8.07	8.23	8.12	8.25	8.18
CD209	3.97	3.74	4.53	3.83	4.09	4.27	4.17	4.53	3.82	3.86	3.125	4.2	2.79	3.23	3.09	3.14	3.19	4	3.71	2.8	3.4	3.34	3.37	3.56	3.41	3.4	3.37	3.4	3.26	3.45	3.26	3.26
CD22	8.08	7.91	8.56	8.24	8.47	8.73	8.96	8.78	8.85	8.79	6.9	6.29	5.93	6.73	6.83	6.66	6.63	6.38	6.97	7.21	6.88	6.37	6.68	7.03	7.01	7.2	7.17	7.19	6.69	6.82	6.58	7.01
CD24	7.27	7.59	8.31	7.68	8.2	8.59	8.67	8.2	7.8	7.51	6.835	6.69	7.12	7.86	8.44	8.81	6.58	5.71	5.79	6.35	6.62	9.98	9.86	8.99	9.4	7.04	7.5	7.2	5.78	6.27	6.34	6.32
CD244	8.58	8.75	8.46	8.67	8.73	8.67	8.72	8.4	8.54	8.45	8.48	8.2	8.47	8.65	8.41	8.58	8.08	8.43	8.35	8.24	8.74	7.76	7.84	8.44	8.12	7.71	7.69	7.73	8.09	7.94	8.04	8.47
CD247	9.9	10.01	9.64	10.14	9.7	9.35	9.9	9.3	9.32	9.34	10.57	10.58	10.22	10.22	9.74	10.2	9.9	10.21	10.11	10.07	10.52	9.78	10.42	10.35	10.05	9.94	10.14	9.6	10.26	10.18	10.2	10.48
CD27	8.89	8.82	9.21	9.25	8.42	8.42	8.84	8.92	8.9	8.95	8.09	7.89	7.85	8.31	8.55	8.63	9.41	8.94	9.34	9.44	9.16	8.33	8.57	8.26	8.48	9.14	9.2	9.18	9.2	9.1	9.3	9.14
CD274	6.43	6.74	6.14	6.47	5.41	5.35	5.64	6.05	5.4	5.83	8.28	8.7	8.79	7.44	6.72	5.6	7.36	7.99	6.32	6.13	4.66	5	4.9	6	5.27	5.03	5.12	6.08	6.52	6.24	5.44	5.11
CD276	4.58	3.74	3.81	4.11	4.61	4.27	3.99	4.23	4.47	3.86	4.98	4.94	5.5	4.21	3.68	3.65	4.54	4	3.6	4.07	3.98	3.79	3.37	3.8	3.58	3.75	3.37	3.69	3.58	4.26	3.5	3.64
CD28	7.89	7.89	7.89	7.77	7.55	7.37	7.38	7.77	7.86	7.7	7.76	7.16	7.21	7.53	7.34	7.68	8.4	8.47	8.74	9.01	8.65	7.61	7.88	7.77	7.58	8.27	8.62	8.75	8.4	8.28	8.14	8.06
CD34	3.81	3.74	3.81	3.47	3.55	3.88	3.66	3.95	3.82	3.86	3.98	3.15	2.79	3.23	3.09	3.14	3.19	3.06	3.71	2.8	3.04	3.34	3.37	3.56	3.41	2.75	3.36	3.4	3.04	3.45	2.97	2.45
CD36	10.79	9.85	9.56	10.33	10.54	10.83	10.71	10.61	10.85	10.38	11.545	11.79	11.35	11.45	11.19	11.12	11.37	11.26	11.12	11.19	10.53	10.26	9.63	10.23	10.22	10.15	9.53	9.69	10.29	10.36	10.52	10.48
CD3D	9.76	10.21	10.25	10.28	9.43	10.01	9.77	9.95	10.18	9.92	10.845	10.7	10.24	10.55	10.35	10.64	10.28	10.63	10.79	10.89	11.03	9.03	9.11	9.69	9.31	9.41	8.89	9.44	9.55	9.81	9.76	9.64
CD3E	10.79	11.22	11.17	11.16	10.77	10.79	10.68	11.03	11.15	10.86	10.28	10.07	9.68	9.8	9.8	10.05	10.11	10.14	10.33	10.48	10.56	9.94	10.28	10.18	9.85	10.46	10.59	10.52	10.57	10.4	10.55	10.46
CD3EAP	3.81	3.74	3.81	4.03	4.09	4.02	3.89	4.31	4.01	4.16	3.75	4.08	2.79	3.93	3.68	3.3	4.45	3.51	4.54	4.23	3.54	3.93	3.67	3.8	3.41	3.94	4.21	3.9	4.13	4.57	4.05	4.03
CD4	8.87	8.98	8.96	8.73	8.92	8.77	8.49	8.98	9.02	8.34	7.69	7.76	7.39	7.81	8.01	8.21	9.16	9	9.29	9.24	8.98	8.25	8.52	8.38	8.15	9.16	9.19	9.16	8.78	8.68	8.88	8.99
CD40	7.14	7.09	7.16	7	7.24	7.81	7.93	7.95	7.64	7.67	6.79	6.77	6.66	6.51	6.83	6.71	6.4	7.32	6.91	6.79	6.52	6.53	6.45	6.45	6.55	6.22	6.67	6.92	6.57	6.97	6.54	6.63
CD40LG	8.24	8.29	8.25	8.23	7.26	7.61	7.33	8.26	8.15	7.5	7.185	6.75	6.42	6.96	7.01	6.94	7.8	7.88	8.09	8.31	8.3	7.46	7.48	7.47	7.09	8.36	8.22	8.44	8.25	8.03	8.27	7.86
CD44	11.54	11.37	11.3	11.31	11.27	11.46	11.18	11.47	11.35	11.18	11.14	11.32	11.19	10.92	10.72	10.87	11.05	10.94	10.97	11.05	10.94	10.94	10.96	10.88	10.77	11.2	11.36	11.36	10.8	10.66	10.87	10.9
CD45R0	12.56	12.33	12.11	11.97	12.19	12.21	12.37	12.34	12.2	12.36	12.905	13.16	13.48	12.51	12.32	12.11	12.01	11.82	11.48	11.8	11.27	11.37	11.1	11.75	11.37	11.42	11.11	11.91	11.27	11.28	11.35	10.78
CD45RA	9.99	9.66	9.66	9.94	10.21	9.62	10.34	9.75	9.94	10.05	9.51	9.47	8.81	9.17	9.02	8.99	9.47	9.89	10.05	9.98	10.31	8.63	8.96	9.14	8.53	9.9	10.25	9.72	10.5	10.35	10.38	10.41
CD45RB	10.74	10.68	10.53	10.76	10.74	10.79	10.59	10.74	10.86	10.75	9.97	10.13	9.81	9.71	9.78	9.73	9.8	9.92	9.9	9.98	9.86	9.29	9.43	9.67	9.46	9.89	9.52	9.78	9.83	9.67	9.86	9.97
CD46	12.08	11.72	11.62	11.57	11.71	11.48	11.62	11.77	11.47	11.88	11.365	11.41	11.83	11.46	11.53	11.2	11.26	11.14	10.76	11.05	10.92	10.97	10.46	11.15	11.09	11.25	10.59	11.2	10.61	10.75	11.04	11.01
CD48	11.31	11.54	11.41	11.18	11.21	11.13	11.35	11.41	11.29	11.28	11.505	11.3	11.15	10.86	10.66	10.68	11.22	11.39	11.22	11.16	11	8.86	8.54	9.28	9.06	9.1	8.55	9.3	9.67	9.8	9.6	9.46
CD5	9.38	9.66	9.5	9.39	8.51	9.14	8.68	9.42	9.44	9.23	9.205	9.17	8.79	8.78	8.54	8.98	9	9.07	9.33	9.32	9.32	8.61	9.09	9.08	8.67	8.97	9.32	9.38	9.48	9.2	9.11	8.88
CD53	12.34	12.27	12.05	12.24	12.17	12.17	12.19	12.37	12.24	12.25	12.99	12.75	12.99	12.31	12.13	11.94	12.52	12.37	12.07	12.09	11.97	11.77	11.48	11.77	11.86	12.08	11.7	11.92	12.23	12.13	12.22	12.15
CD55	5.27	4.99	5.56	5.27	4.73	4.78	5.54	5.27	5.26	5.03	4.185	4.53	4.8	4.51	4.26	3.65	4.12	4.36	4.26	3.9	4.08	4.67	3.99	5.05	4.46	4.33	4.15	4.45	3.37	4.19	3.97	4.19
CD58	9.45	9.12	9.06	9.08	9.24	9.19	9.01	8.94	9.08	9.18	10.155	10.43	10.88	10.16	9.97	9.58	9.82	9.45	9.02	9.41	8.75	8.95	8.7	9.09	9.16	8.77	8.23	8.62	8.6	8.83	8.9	8.77
CD59	9.36	9.41	9.12	9.28	9.09	9.12	9.24	9.03	9.2	9.21	9.465	9.55	9.79	8.96	8.89	8.95	9.03	9.02	8.7	8.91	8.77	9.08	8.95	8.91	8.85	8.79	8.72	8.92	8.73	8.7	8.88	8.68
CD6	8.7	9.25	8.95	8.91	8.12	8.68	8.47	8.98	8.92	8.62	9.155	9.29	8.63	8.92	8.58	8.83	8.61	8.96	8.93	9.07	9.13	8.5	9.06	8.92	8.82	8.68	8.89	8.82	9.03	8.77	8.89	8.9
CD7	8.26	8.07	8.13	8.56	8.14	7.56	8.25	7.83	7.88	8.12	7.43	7.43	6.95	7.12	7.02	7.28	7.87	8.01	8.2	8.08	8.55	7.35	7.56	7.52	7	8.41	8.38	8.13	8.15	8.1	8.07	8.28
CD70	3.81	3.74	3.81	3.47	3.55	3.88	3.66	4.14	3.82	3.86	4.185	4.2	4.12	4.64	4.68	4.16	3.86	3.06	3.18	3.81	3.4	3.54	3.43	4.18	3.93	2.75	3.37	3.4	3.58	4.19	3.5	3.53
CD74	13.44	13.26	13.29	13.24	13.76	13.82	13.48	13.96	13.48	13.44	12.525	12.38	12.13	12.5	12.48	12.75	13.41	13.34	13.28	12.97	13.02	12.67	12.8	12.74	12.56	13	13.25	13.12	12.94	12.68	12.74	12.71
CD79A	9.25	9.15	9.53	9.49	9.75	9.79	10.29	10.1	9.98	10.23	8.495	8.21	7.94	8.36	8.31	8.3	8.64	8.29	8.65	8.73	8.61	8.06	8.27	8.44	8.03	8.78	8.88	8.87	8.43	8.64	8.51	8.68
CD79B	8.61	8.35	8.99	8.41	8.95	8.6	9.23	9.1	9.15	9.2	8.32	7.98	7.94	8.13	8.19	8.24	7.9	7.91	8.04	8.2	8.08	7.94	7.7	7.95	7.8	7.98	8.09	8.39	7.73	8.04	7.92	7.93
CD80	4.64	4.99	5.05	4.67	4.73	4.98	4.47	4.84	4.91	4.93	3.85	4.2	5.12	4.44	4.73	3.93	4.54	4.65	4.26	4.81	3.98	3.35	3.37	4.74	4.27	4.19	4.21	4.74	4.13	3.45	4.19	3.94
CD81	10.21	10.73	10.55	10.75	10.72	10.6	10.54	10.53	10.63	10.51	10.605	10.51	10.02	10.34	10.2	10.35	10.46	10.68	10.81	10.73	11.05	10.13	10.47	10.65	10.23	10.62	10.62	10.44	10.75	10.6	10.78	10.91
CD82	8.18	8.21	8.09	7.86	7.94	7.75	8.36	8.04	8.36	8.41	7.995	8.26	8.25	8.18	7.95	7.22	7.12	6.79	6.87	7.2	7	6.88	6.43	6.71	6.85	7.24	6.87	7.28	6.3	6.13	6.26	6.95
CD83	6.69	6.99	6.23	6.58	6.73	7.01	7.29	7.3	7.31	6.95	6.455	5.57	6.23	6.95	6.83	6.32	6.47	6.62	6.64	6.76	6.42	6.78	6.58	6.55	6.75	6.19	6.74	6.62	6.38	6.65	6.22	6.47
CD86	8.63	8.21	7.97	7.87	8.67	8.67	7.93	8.71	8.41	7.79	7.71	8.09	7.44	7.52	7.32	7.36	8.5	8.27	8.02	7.67	7.48	7.13	6.89	7.04	7.01	7.11	6.92	7.5	7.71	7.69	7.72	7.32
CD8A	8.44	9.21	9.33	9.41	9.08	10.11	9.56	9.26	9.46	9.67	8.645	8.02	7.57	8.06	8.51	8.8	8.66	8.65	9.17	9.27	9.4	8.75	8.98	8.87	8.66	8.95	9.05	9.22	9.47	9.43	9.2	9.3
CD8B	6.13	6.58	7.03	7.05	6.83	7.45	6.81	6.83	6.53	7.22	6.05	5.98	5.32	5.33	6	6.38	6.71	6.78	7.4	7.4	7.04	6.25	6.15	6.07	6.18	6.89	6.94	6.87	7.26	7.15	6.91	6.67
CD9	8.25	7.93	8.06	7.72	8.66	8.64	8.25	7.07	8.34	8.43	8.02	7.32	8.02	8.2	8.2	7.86	7.01	7.06	6.93	6.99	7.46	8.02	7.01	7.88	7.81	7.6	7.18	7.7	5.13	5.45	6.43	6.53
CD96	9.16	9.56	9.54	9.63	9.04	9.14	9.11	9.12	9.28	8.96	9.13	9.19	8.9	9.19	9.08	9.26	9.15	9.08	9.3	9.49	9.75	9.25	9.4	9.45	9.32	9.52	9.57	9.5	9.47	9.41	9.42	9.42
CD97	12.33	12.01	12.1	12.06	12.14	11.95	11.9	12.1	11.85	12.22	11.365	11.41	11.52	11.07	11.1	10.9	11.43	11.06	10.6	10.63	10.92	10.74	10.8	11.52	10.91	10.66	10.38	10.79	10.32	10.08	10.31	10.57
CD99	11.25	11.48	11.25	11.42	11.53	11.76	11.55	11.15	11.36	11.01	12.155	11.91	11.93	11.9	11.92	11.81	11.47	11.52	11.53	11.53	11.73	12.1	12	11.63	11.95	11.75	11.89	11.48	11.61	11.61	11.8	11.82
CDH5	3.81	3.74	3.81	3.47	3.55	3.88	3.66	3.77	3.82	3.86	3.125	3.15	2.79	3.23	3.09	3.14	3.19	3.06	2.88	2.8	3.04	3.34	3.37	3.56	3.41	2.75	3.36	3.4	3.04	3.45	2.96	2.75
CDKN1A	6.88	7.48	7.16	7.05	7.38	7.29	7.18	6.97	6.52	6.77	8.525	8.13	8.42	7.85	8.05	7.92	7.93	7.99	7.48	6.61	6.23	8.08	7.81	7.19	7.98	6.09	6.43	6.5	7.17	6.98	6.44	6.67
CEACAM1	6.27	6.9	6.07	5.24	5.67	6.81	6.38	6.35	5.36	6.41	8.5	8.31	8.28	7.14	7.2	6.83	8.31	7.29	6.67	6.28	5.83	7.11	7.2	5.9	7.17	5.8	5.21	6.36	7.18	6.93	6.55	6.43
CEACAM6	4.81	6.13	4.6	5.03	5.09	7.9	6.85	6	4.01	4.16	4.86	5.26	6.19	7.08	7.53	7.91	4.63	4.28	4.47	4.71	4.25	8.97	9.32	7.6	8.45	4.33	5.63	4.99	4.48	4.26	4.8	4.9
CEACAM8	5.34	6.74	4.66	5.49	5.29	9.18	8.01	6.83	4.87	5.03	6.05	6.23	6.95	8	8.72	9	5.4	4.51	5.18	4.99	5.33	10.02	10.15	8.34	9.57	5.55	5.89	5.45	5.16	5.19	5.26	4.99
CEBPB	11.91	11.61	11.36	11.52	11.72	11.66	11.76	11.68	11.81	11.85	11.86	11.98	12.05	11.1	10.91	10.66	11.63	11.25	10.81	10.86	10.34	10.39	10.22	10.74	10.54	10.57	10.06	10.96	10.24	10.11	10.31	10.03
CFB	4.15	3.74	3.81	4.03	3.79	4.55	3.66	4.14	3.91	4.39	4.875	4.94	5.32	4.76	4.18	3.54	4.71	4.95	3.6	3.99	3.66	3.34	3.37	3.68	3.41	3.26	3.36	3.4	3.26	3.67	3.26	2.75
CFD	8.26	7.93	8.16	7.31	8.49	7.91	7.73	8.54	8.22	7.74	7.81	7.82	7.73	7.64	7.53	7.53	8.86	8.41	8.24	7.98	7.4	7.48	7.27	7.83	7.41	7.36	6.86	7.14	7.65	7.44	7.68	7.51
CFH	5.23	6.33	5.89	5.64	5.51	5.88	5.44	6.42	5.94	5.24	6.525	5.94	5.66	5.93	6.26	5.95	6.75	6.71	6.63	6.55	7.08	5.4	5.93	5.88	5.82	6.49	6.31	6.5	5.22	5.42	5.78	5.33
CFI	3.81	4.35	4.14	3.47	4.09	3.88	3.66	3.77	4.26	3.86	3.86	3.79	3.97	3.82	3.68	3.65	4	3.65	3.18	2.8	3.4	3.86	3.52	3.8	4.05	3.4	3.36	3.45	3.76	3.45	3.97	3.4
CFP	10.42	9.93	9.9	9.81	10.25	10.41	9.84	10.31	9.94	9.98	10.42	10.56	10.72	10.61	10.53	10.33	10.7	10.46	10.02	10.04	9.71	10.13	9.92	10	10.18	9.97	9.61	10.11	9.62	9.49	9.84	10.01
CHUK	8.43	8.36	8.27	8.21	8.18	8.29	8.18	8.36	8.18	8.35	8.66	8.78	9.01	8.36	8.29	8.19	8.58	8.34	8.1	8.29	8.04	7.83	7.66	8.16	8.07	8.23	7.8	7.96	8.37	8.13	8.45	8.42
CIITA	4.58	4.81	5.92	5.42	5.64	5.7	5.51	5.84	5.33	5.6	3.62	4.2	4.61	4.44	5	5.13	5.79	5.84	5.26	5.46	5.6	5.58	5.96	6.22	6.18	6.13	5.93	5.77	4.96	4.99	5.05	5.67
CISH	6.61	6.54	7.37	7.3	6.7	6.02	6.56	7	7.21	6.32	7.315	7.26	7.12	7.03	6.91	7.05	6.79	7.37	7.03	6.74	6.5	6.72	6.78	6.9	6.93	6.88	6.94	6.18	6.83	6.89	6.91	6.78
CLEC4A	9.62	9.48	9.22	8.95	9.43	9.35	9.33	9.41	9.12	9.4	10.075	10.04	10.64	10.07	9.85	9.22	9.95	10	9.49	9.78	9.14	7.93	7.49	8.04	8.25	8.83	7.9	8.51	8.1	8.4	8.61	8.39
CLEC4E	11.06	9.85	10.07	10.35	10.42	10.28	9.6	10.3	9.72	10.17	11.44	11.39	12.06	11	10.86	10.19	11.41	10.44	9.65	9.92	9.77	9.94	9.18	9.23	9.91	10.38	9.45	9.69	9.61	9.5	10.22	10.16
CLEC5A	6.4	5.81	5.42	5.55	5.79	6.87	6.01	6.25	5.33	5.2	8.475	8.38	8.48	7.59	7.1	7	6	5.68	5.3	5.86	5.54	7.32	7.28	6.16	7.08	5.8	5.21	5.31	5.13	5.42	6.16	5.72
CLEC6A	5.38	5.39	4.53	4.88	4.94	4.83	4.54	4.14	5.09	4.46	5.115	5.01	4.89	4.58	4.18	4.75	5.06	5.28	4.26	4.55	4.66	3.34	3.37	3.68	3.41	4.11	3.66	3.4	3.84	3.45	4.05	3.64
CLEC7A	10.71	9.46	9.3	9.42	9.93	9.79	9.63	10.33	9.19	9.53	10.495	10.9	11.15	10.78	11.05	10.43	10.66	10.08	9.51	10.15	9.63	9.93	9.61	10.13	10.28	9.82	9.18	9.65	9.61	9.71	10.09	10.46
CLU	4.23	4.26	3.81	4.61	3.55	4.55	3.66	4.14	3.91	4.39	4.96	4.94	5.05	3.82	3.09	4.23	4.12	3.78	3.18	3.61	3.04	3.63	3.37	4.09	3.8	3.52	3.37	3.8	3.04	3.45	2.97	3.26
CMKLR1	7.32	7.69	7.32	7.66	7.7	7.65	7.95	7.06	7.33	7.21	7.625	7.54	7.32	7.18	7.02	7.22	8.46	8.33	8.24	7.32	8.18	6.92	7.44	7.33	7.03	6.97	7.5	6.31	8.39	8.24	8.18	8.36
CR1	10.74	10.55	10.17	10.67	10.61	10.14	10.76	10.59	10.63	10.79	12.05	12.55	12.59	11.68	11.54	10.95	10.56	9.84	9.86	10.61	9.71	10.34	9.96	10.42	10.78	10.45	9.82	10.28	10.11	10.41	10.82	11.14
CR2	5.61	5.05	5.09	5.58	5.64	5.15	6.33	6.09	5.84	6.41	4.725	4.62	2.79	4.58	4.18	3.65	3.86	4.65	4.92	4.76	5.12	4.58	5.08	4.8	4.5	5.19	5.52	5.42	4.84	5.11	5.12	4.75
CRADD	6.27	6.1	5.66	6.07	5.73	5.55	6.08	5.46	5.74	5.69	6.765	6.11	6.32	5.76	5.76	5.77	6.06	6.02	5.37	6.11	5.81	5.73	5.37	5.85	5.43	5.85	5.27	5.63	5.76	5.97	5.97	5.85
CSF1	6.27	6.1	5.87	6.03	6.58	5.91	6.23	5.75	5.98	6.45	6.335	6.11	7.1	6.56	6.53	6.25	6.12	6.05	5.4	5.79	5.25	5.67	5.65	6.88	6.15	5.8	5.43	5.72	4.84	5.07	4.8	4.75
CSF1R	6.47	6.26	6.2	5.55	6.62	6.13	5.44	6.92	6.36	5.8	4.82	5.37	5.05	5.25	5.18	5.33	6.12	6.44	5.6	5.4	5.47	5.18	5.56	5.42	5.54	5.8	5.4	5.35	5.71	5.51	5.19	5.7
CSF2	3.81	3.74	3.81	3.47	3.55	3.88	3.66	3.77	3.82	3.86	3.125	3.15	2.79	3.23	3.09	3.14	3.19	3.06	2.88	2.8	3.04	3.34	3.37	3.56	3.41	2.75	3.36	3.4	3.04	3.45	2.96	2.45
CSF2RB	12.12	11.84	11.88	11.55	11.63	11.3	11.77	11.6	11.59	12.01	11.665	11.72	12.1	11.18	11.05	10.48	10.78	10.66	10.08	10.53	9.65	10.54	10.16	11.2	10.63	10.46	9.79	10.79	9.88	9.81	9.97	10.2
CSF3R	12.76	12.2	12.08	12.08	12.3	12.05	12.29	12.45	12.08	12.66	12.35	12.63	12.93	12.13	12.46	11.67	12.31	11.57	11.01	11.69	11.13	11.29	10.79	11.58	11.7	11.8	10.86	11.95	10.75	10.83	11.15	11.54
CTLA4-TM	5.58	6.18	6.18	6.14	5.84	6.09	5.37	5.5	5.33	5.53	5.33	5.98	5.26	5.61	5.95	6.36	6.6	6.24	6.28	6.52	6.44	5.32	5.56	5.62	5.41	5.85	5.47	5.92	6.06	5.95	5.41	4.94
CTLA4_all	6.19	6.21	6.39	6.31	5.21	6.15	5.6	6.21	5.98	6.05	6.255	5.83	5.44	5.51	5.85	6.45	6.88	6.95	6.74	7.16	6.63	5.95	6.15	5.82	5.87	6.57	5.98	6.24	6.44	6.24	6.26	6.01
CTNNB1	10.05	9.92	9.91	9.96	9.94	10	9.78	10.05	9.84	9.86	10.89	10.99	11	10.68	10.47	10.56	10.74	10.55	10.43	10.54	10.36	10.4	10.49	10.43	10.35	10.39	10.46	10.43	10.66	10.59	10.57	10.44
CTSC	10.88	10.9	10.9	10.97	11.2	10.97	11.02	11.16	10.86	10.73	10.97	10.91	10.74	10.71	10.68	10.75	10.84	10.92	10.9	10.7	10.81	10.64	10.75	10.84	10.69	10.72	10.58	10.5	11.05	10.87	10.96	10.89
CTSG	4.38	3.74	3.81	3.47	3.55	6.27	5.17	4.14	3.82	3.98	3.125	4.2	4.12	5.21	6.22	6.79	4.35	3.06	2.88	2.8	3.4	7.82	7.99	6.12	7.13	4.26	4.47	3.99	3.26	3.45	4.05	3.75
CTSS	14.94	14.33	14.3	14.2	14.78	14.59	14.25	14.82	14.47	14.41	14.35	14.38	14.33	14.13	14.19	14.07	14.43	14.36	14.11	13.99	13.77	13.45	13.18	13.4	13.61	13.78	13.2	13.73	13.69	13.61	13.85	13.73
CUL9	5.97	5.84	6.31	6.16	6.13	6.15	6.4	6.29	6.43	6.24	6.305	6.57	6.26	6.31	6.53	6.14	6.91	6.67	6.66	6.96	6.88	6.28	6.6	6.63	6.55	6.69	6.67	6.91	6.62	6.45	6.58	7.19
CX3CL1	3.81	3.74	4.14	3.61	3.89	3.88	4.25	4.05	4.26	3.86	3.62	4.71	4.39	3.44	3.09	3.43	4.35	3.65	2.88	2.9	3.25	3.34	3.37	3.56	3.41	2.75	3.36	3.4	3.26	3.67	3.5	2.45
CX3CR1	10.69	11.05	10.52	11.19	10.68	10.96	11.19	10.66	10.97	10.15	12.265	11.98	11.68	11.61	11.39	11.67	11.45	11.84	11.85	11.4	11.66	11.23	11.81	11.67	11.49	11.06	11.33	10.29	12.31	12.08	11.98	12.04
CXCL1	7.91	7.16	6.82	6.96	7.29	6.97	7.03	7.09	6.94	6.84	8.18	7.82	8.42	7.21	7.51	7.19	7.03	6.92	6.49	7.31	6.54	7.24	6.57	7.04	7.17	7.52	6.87	7.71	6.5	6.84	7.32	7.31
CXCL10	5.42	5.96	5.09	5.11	4.41	5.48	4.89	6.07	4.96	4.77	6.935	7.67	6.16	6.69	6.24	5.33	8.53	9.98	7.84	5.3	4.78	3.45	3.37	3.68	3.8	2.94	3.36	3.57	5.99	5.57	4.26	4.11
CXCL11	5.15	4.93	5.27	4.93	4.89	4.93	4.72	5.09	5.26	4.66	4.98	5.87	5.39	4.64	4.41	4.65	5.49	5.51	4.77	4.07	3.78	3.34	3.37	3.68	3.5	3.52	3.36	3.69	3.99	3.45	2.96	2.75
CXCL12	5.89	5.64	4.95	5.07	5.21	5.93	5.08	4.66	5.09	5.6	6.36	6.55	7.07	5.64	4.73	5.09	4.86	5.4	4.1	4.15	3.54	3.93	3.74	3.9	4.11	4.11	3.57	4.31	3.92	3.95	4.26	4.33
CXCL13	3.97	3.74	3.81	3.73	3.55	3.88	3.66	3.95	3.82	3.86	3.125	3.15	4.26	3.23	4	3.14	4.54	3.06	3.01	3.07	3.4	3.34	3.37	3.56	3.41	2.75	3.36	3.45	3.04	3.45	3.12	2.45
CXCL2	4.52	4.35	3.81	3.61	3.89	3.88	4.08	4.53	4.33	3.86	4.415	4.2	4.5	5.16	4.09	4.75	4.93	4.71	4.6	4.43	4.33	4.24	3.52	3.8	3.66	3.94	3.47	4.74	3.26	3.67	4.38	3.75
CXCL9	3.81	3.74	3.81	4.03	3.55	4.19	3.66	4.05	3.82	3.86	4.05	3.15	3.97	4.03	3.41	3.84	4.35	5.1	2.88	3.71	3.66	3.34	3.37	3.56	3.41	3.4	3.36	3.4	3.04	3.45	2.96	4.03
CXCR1	11.17	10.52	10.28	10.49	10.39	10.26	10.69	10.57	10.4	10.67	11.505	11.47	11.76	10.35	10.26	9.68	10.73	9.92	9.29	10.15	9.15	9.66	9.23	9.94	9.72	9.8	9.15	10.2	9.52	9.73	9.83	9.98
CXCR2	13.25	12.82	12.42	12.7	12.62	12.52	13.01	12.77	12.8	13.03	13.735	13.3	13.94	12.57	12.48	12.05	12.93	12.36	11.75	12.36	11.34	11.88	11.47	12.18	11.95	12.22	11.48	12.53	11.84	12.01	12.09	12.18
CXCR3	7.56	8.01	7.87	8.04	7.16	7.84	7.21	8.08	7.85	7.83	7.385	7.05	6.8	7.45	7.55	8.03	8.21	8.25	8.51	8.44	8.36	7.66	7.95	7.86	7.57	7.91	7.99	8.21	7.7	7.77	7.85	7.54
CXCR4	11.81	11.43	11.58	11.93	11.49	11.74	11.69	11.67	11.69	11.86	11.46	12.17	11.98	11.68	11.5	11.19	11.96	11.55	11.55	11.36	11.98	11.17	11.12	10.67	11.05	11.9	11.53	11.47	11.3	11.03	11.71	11.48
CXCR6	6.57	7.55	6.78	6.58	6.76	6.36	6.31	6.51	4.91	6.14	6.035	5.75	5.66	6.12	6.26	7.39	7.55	7.01	7.11	7.14	7.5	6.51	5.95	6.24	6.21	6.46	5.57	6.73	5.71	5.72	6.38	5.5
CYBB	11.8	11.57	11.33	11.23	11.84	11.94	11.49	11.99	11.66	11.21	11.565	11.78	11.31	11.56	11.52	11.34	11.73	11.8	11.67	11.32	11.01	11.34	11.23	11.03	11.33	11.36	11.08	10.85	11.6	11.44	11.67	11.46
DEFB1	5.23	4.35	3.81	4.73	3.67	3.88	4.08	4.14	4.47	4.32	4.295	3.94	3.61	3.93	3.09	3.14	3.19	3.51	3.33	3.36	3.04	3.34	3.37	3.56	3.5	2.94	3.36	3.8	3.48	3.57	2.96	3.75
DEFB103A	3.81	3.74	3.95	3.93	3.89	4.42	3.66	3.77	3.91	4.39	4.315	3.94	5.19	4.03	3.09	3.75	4.12	4.51	3.33	2.8	3.04	3.34	3.43	3.56	3.93	3.52	3.47	4.31	3.04	4.11	3.5	3.53
DEFB103B	3.81	3.74	3.81	3.47	3.79	3.88	3.66	3.77	4.09	4.32	3.125	4.2	4.39	3.7	3.09	3.14	4	3.36	3.71	3.36	3.04	3.34	3.37	3.56	3.41	2.75	3.36	3.4	3.04	3.45	3.12	2.94
DEFB4A	4.52	4.35	3.81	3.47	3.79	3.88	3.89	3.77	3.82	3.86	3.75	4.53	4.61	3.82	3.55	3.93	3.19	3.51	3.18	3.49	3.04	3.34	3.37	4	3.41	3.26	3.36	3.69	3.37	3.45	3.12	3.11
DPP4	7.03	6.96	7.41	7.21	7.1	6.59	6.21	7.14	7.11	6.72	6.015	5.87	5.8	6.05	5.9	6.32	6.58	6.93	7.01	7.15	7.11	6.51	6.66	6.18	6.22	7	7.19	7.01	6.73	6.76	6.69	6.63
DUSP4	4.38	4.93	4.84	4.98	4.67	4.48	4.72	5.6	4.71	4.93	4.645	4.2	5.12	4.21	4.68	4.54	4	3.06	4.33	5.03	4.54	3.71	3.99	3.56	4.46	2.75	4.03	4.38	3.92	3.95	3.71	3.75
EBI3	3.81	3.74	3.81	3.83	3.55	4.02	3.66	3.77	4.09	4.16	3.125	3.15	2.79	3.23	3.09	3.14	3.19	3.06	2.88	2.9	3.04	3.34	3.37	3.56	3.41	2.75	3.36	3.4	3.04	3.45	2.96	2.45
EDNRB	3.81	3.74	3.81	3.47	3.55	3.88	3.66	3.77	3.82	3.86	3.125	3.15	2.79	3.44	3.09	3.14	3.19	3.06	2.88	2.9	3.04	3.34	3.37	3.56	3.41	2.75	3.36	3.4	3.04	3.45	2.96	2.45
EGR1	3.81	4.44	4.14	3.93	3.99	4.11	4.25	4.31	3.82	4.39	3.86	4.08	2.79	3.23	3.79	3.3	3.19	3.89	3.47	4.23	3.04	3.34	3.37	3.56	3.41	3.26	3.37	3.45	4.06	3.45	2.96	3.64
EGR2	4.23	4.52	3.81	4.03	4.33	4.19	4.6	4.84	4.33	4.88	3.75	4.53	4.26	3.82	3.09	3.14	4.45	4.44	3.6	3.61	3.04	3.34	3.43	3.56	3.41	3.11	3.36	3.4	3.04	3.57	3.12	3.85
ENTPD1	7.89	7.66	7.79	7.49	7.89	7.57	7.76	7.8	8.01	8.05	7.82	8.65	8.75	8.1	8.43	7.72	8.1	7.5	6.42	7.54	6.72	7.48	7.37	7.62	7.97	7.76	6.93	7.11	6.52	6.95	6.82	7.23
EOMES	6.17	6.79	6.65	6.57	6.77	6.21	6.38	6.25	6.24	6.05	6.125	5.08	5.19	5.33	5.09	5.6	5.35	5.36	5.44	5.88	5.57	5.45	6.32	6.16	5.58	5.22	5.83	5.54	5.74	5.95	5.84	6.28
ETS1	12.29	12.03	12.32	12.48	11.96	12.17	12.09	12.15	12.38	12.1	11.275	11.51	10.9	11.24	11.23	11.52	12.08	11.91	12.2	12.22	12.58	11.42	11.79	11.46	11.29	12.3	12.5	12.17	12.03	11.96	12.13	11.95
FADD	4.81	4.99	5.14	5.03	4.33	4.67	5.21	5.18	4.81	5.46	5.84	5.98	5.89	5.4	5	5.01	5.06	5.44	4.87	5.26	5.21	4.54	4.43	5.18	4.93	5.46	4.82	4.24	4.58	4.91	4.75	5.07
FAS	6.19	5.78	5.78	5.78	5.67	5.48	5.57	5.66	5.47	5.69	6.855	6.55	6.42	6	6.14	5.86	6.42	6.38	5.77	5.99	5.03	5.4	5.43	5.74	5.5	5.52	4.93	5.51	5.96	5.7	5.68	5.47
FCAR	3.81	3.74	4.23	3.47	4.09	3.88	3.66	3.77	4.18	4.16	3.125	4.2	4.8	3.23	3.79	3.43	3.19	3.06	2.88	2.9	3.4	3.34	3.37	3.56	3.41	3.11	3.36	3.4	3.04	3.86	3.12	3.11
FCER1A	9.33	8.46	9.44	8.53	9.24	8.54	8.17	9.15	8.92	8.54	7.005	6.48	6.44	6.72	7.37	7.28	6.9	7.61	7.45	7.69	7.95	6.46	5.82	8.03	6.32	6.55	6.25	7.16	4.71	5.45	5.63	5.56
FCER1G	11.16	10.79	10.13	10.67	10.56	10.95	10.77	11	10.63	10.79	11.815	11.58	11.95	10.95	10.7	10.45	11.21	11.22	10.81	10.52	10.17	10.25	9.78	9.99	10.3	10.17	9.42	9.94	9.86	9.86	10.03	9.8
FCGR1A/B	7.97	7.39	6.78	6.95	6.24	6.74	6.65	6.92	6.74	7.24	8.825	9.34	9.59	7.69	7.09	6.9	7.5	8.39	6.81	6.87	5.12	6.64	6.17	6.32	6.86	5.72	5.18	6.4	6.29	6.49	5.66	5.37
FCGR2A	12.91	12.62	12.34	12.49	12.42	12.32	12.77	12.55	12.49	12.78	13.34	13.25	13.73	12.53	12.36	11.91	12.39	12	11.41	11.89	10.81	11.58	11.01	11.73	11.66	11.51	10.93	11.85	11.39	11.55	11.51	11.57
FCGR2A/C	12.76	12.57	12.11	12.35	12.24	12.12	12.61	12.5	12.3	12.55	13.31	13.21	13.56	12.53	12.41	12.09	12.77	12.21	11.66	12.03	11.04	11.96	11.44	12.07	12.01	11.73	11.3	12.15	11.95	12	12	11.92
FCGR2B	8	8.18	8.23	7.57	7.99	7.73	8.29	8.85	8.01	8.14	7.04	6.64	7.21	6.96	7.29	6.9	8.59	7.93	7.78	7.73	7.34	6.78	6.19	7.08	6.91	7.41	6.74	7.52	7.55	7.32	7.41	7.08
FCGR3A/B	15.08	15.3	14.05	14.17	14.14	14.59	14.37	14.51	14.18	14.54	16.4	16.03	16.63	15.29	15.19	14.76	15.59	15.08	14.26	14.7	13.76	14.6	14.03	14.45	14.67	14.59	13.74	14.83	14.23	14.3	14.43	14.21
FCGRT	11.62	11.03	11.17	11.07	11.54	11.5	10.97	11.37	11.11	11.35	10.29	10.59	10.97	10.77	11	10.65	10.81	10.61	10.19	10.5	10.3	10.54	10.14	10.56	10.61	10.85	10.3	10.77	9.9	9.99	10.32	10.69
FKBP5	10.82	10.04	9.89	10.34	10.07	10.3	9.69	9.98	10.07	10.02	10.905	11.94	12.02	10.39	10.55	10.26	11.69	10.3	10.13	10.12	10.81	10.22	9.88	9.11	9.61	10.65	10.69	9.44	9.91	9.61	10.62	10.86
FN1	4.38	4.26	3.81	4.42	3.55	3.88	3.99	4.05	3.82	3.86	3.125	4.43	4.26	3.23	3.55	4.3	4.12	3.36	2.88	3.49	3.04	3.34	3.37	3.56	3.41	2.75	3.36	3.4	3.04	3.45	2.96	3.26
FOXP3	4.23	4.52	4.6	3.93	4.33	3.88	4.25	3.77	4.65	4.07	4.25	4.2	5.05	4.21	4.34	4.01	5.24	4.51	4.92	4.43	4.88	4.06	3.99	3.56	3.58	4.58	4.47	4.74	4.48	4.86	4.32	4.4
FYN	9.85	10.1	9.79	10.02	9.76	9.85	9.83	9.98	9.98	9.66	10.39	10.33	10.15	10.14	10.09	10.29	10.46	10.47	10.48	10.51	10.63	10.29	10.49	10.25	10.25	10.45	10.56	10.32	10.64	10.63	10.64	10.74
GATA3	4.97	5.05	5.31	5.03	4.67	4.88	4.72	5.35	5.43	5.36	4.745	5.2	4.71	4.29	4.34	4.65	3.19	4.65	5.01	4.66	4.83	4.06	4.39	4.34	4.22	5.07	4.57	5.42	4.26	4.39	4.26	4.33
GBP1	9.94	10.08	9.57	9.34	9.06	8.9	8.81	10.36	9	9.04	11.84	11.82	11.67	10.62	10.17	9.72	11.69	12.36	10.69	10.01	9.6	9.55	9.39	9.39	9.56	9.53	9.28	9.64	11.29	10.87	10.37	9.95
GBP5	8.8	9.05	8.74	8.93	8.38	8.39	8.45	9.31	8.28	8.58	9.86	9.68	9.58	9.03	8.66	8.67	9.78	10.49	9.16	8.67	8.67	8.66	8.7	8.82	8.53	8.39	8.34	8.65	9.58	9.3	8.85	8.83
GFI1	7.56	8.01	7.55	7.95	7.48	8.24	7.76	7.35	7.68	7.33	8.565	8.74	8.4	8.3	8.27	8.61	7.85	7.68	7.7	7.71	8.06	8.55	9.02	8.51	8.68	7.48	7.44	7.06	8.24	8.39	8.38	8.47
GNLY	10.01	11.35	11.02	11.01	10.46	10.81	12.05	9.83	10.8	9.55	12.75	12.77	12.4	12.37	11.89	12.43	11.18	11.61	11.41	11.14	11.93	12.01	12.28	12.32	12.13	11.12	11.36	10.13	11.31	11.28	11.37	11.45
GP1BB	8.19	8.8	8.49	8.62	8.29	8.63	8.8	7.85	8.02	8.5	11.33	10.61	11.44	11.06	11.24	10.79	9.31	9.33	8.5	8.39	8.48	10.81	10.47	9.56	10.86	8.47	8.64	8.39	8.38	8.49	9.08	9.14
GPI	8.64	8.82	8.88	8.91	8.94	8.89	8.81	8.91	8.87	8.65	8.52	8.45	8.52	8.39	8.69	8.81	8.37	8.36	8.38	8.4	8.37	9.05	9.27	8.82	9	8.5	8.78	8.63	8.6	8.46	8.64	8.59
GPR183	9.54	9.33	9.76	9.73	9.1	9.28	8.94	9.35	9.41	9.04	8.37	7.87	7.68	8.35	8.35	8.7	9.26	9.52	9.71	9.77	9.92	7.18	7.02	8.41	7.29	8.12	7.68	8.69	7.4	7.61	7.61	7.21
GZMA	10.66	11.4	10.84	11.36	10.79	10.97	11.29	10.87	11.05	10.52	11.605	11.36	10.82	11.17	11.19	11.59	10.78	11.16	11.21	11.16	11.77	9.96	9.71	10.1	10.45	9.83	9.41	9.41	10.36	10.53	10.46	10.31
GZMB	10.54	10.66	10.63	11.24	11.22	10.89	11.41	10.35	10.22	10.28	12.04	12.37	11.6	11.49	10.95	11.42	11.09	11.11	10.95	10.46	11.55	10.98	11.25	11.13	11.01	10.24	10.62	9.63	11.8	11.43	11.51	11.36
GZMK	9.18	10.18	9.69	9.51	9.16	9.37	8.75	9.39	9.27	8.99	8.85	8.18	7.78	8.73	9.21	9.76	9.95	9.9	10.43	10.56	10.43	7.86	7.61	8.56	7.88	8.26	7.6	8.79	7.79	8.12	8.01	7.51
HAMP	3.81	4.35	3.81	3.73	3.55	3.88	3.66	3.77	4.18	3.86	3.545	3.15	2.79	3.7	3.09	3.14	3.19	3.36	3.18	2.8	3.54	3.34	3.37	3.56	3.41	2.75	3.47	4.08	3.13	3.45	2.96	2.45
HAVCR2	7.32	6.98	6.68	7.32	7.37	7.12	7.03	7.52	7	6.58	7.425	8	7.24	6.87	6.94	7.19	7.85	7.74	7.33	6.85	7.36	6.65	6.79	6.38	6.87	6.51	6.85	6.06	7.71	7.38	7.36	7.61
HFE	5.15	4.87	4.89	4.35	5.09	4.72	4.67	5.35	5.22	4.39	4.785	4.08	4.5	4.64	4.61	4.75	5	5.15	4.82	5.36	4.17	3.86	3.81	4.8	4.5	4.85	4.66	4.9	4.96	4.45	4.32	4.26
HLA-A	13.52	13.26	13.37	13.31	13.27	13.32	13.05	13.44	12.92	13.29	14.49	14.4	14.58	14	13.81	13.58	13.96	13.79	13.65	13.49	13.37	13.46	13.34	13.4	13.44	13.39	13.25	13.33	13.57	13.38	13.46	13.4
HLA-B	14.58	14.41	14.36	14.25	14.29	14.36	14.17	14.85	14.42	14.23	14.725	14.6	14.82	14.25	14.04	13.86	14.43	14.26	14.11	14.01	13.87	13.72	13.57	13.72	13.72	14.04	13.83	13.98	14.1	13.97	14.05	13.98
HLA-C	12.14	12.35	12.8	12.96	12.69	13.26	12.41	12.16	12.17	12.72	12.265	12.09	12.46	11.69	11.53	11.33	11.59	11.38	11.03	11.09	10.74	11.49	11.23	11.41	11.45	11.48	11.21	11.4	12.3	12.17	12.28	12.17
HLA-DMA	9.08	8.77	8.99	8.8	9.45	9.33	8.93	9.45	9.04	9.09	8.145	8	7.88	8.2	8.55	8.79	9.17	9.27	8.94	8.89	9.09	8.74	8.6	8.81	8.84	9.27	9.28	9.33	8.77	8.77	8.99	8.95
HLA-DMB	9.75	9.34	9.5	9.43	10.02	9.84	9.62	10.09	9.65	9.79	8.135	8.01	8	8.52	8.68	8.87	9.63	9.72	9.4	9.28	9.33	8.6	8.51	8.65	8.51	9.06	8.97	9.21	8.91	8.78	9.01	8.98
HLA-DOB	7.72	7.46	7.92	7.83	8.12	8.17	8.52	8.39	8.25	8.65	6.615	6.55	6.23	6.21	6.48	6.57	6.29	6.67	6.6	6.8	6.75	6.18	6.37	6.36	6.23	7.15	7.16	7.11	8.33	8.11	8.02	8.07
HLA-DPA1	11.89	11.49	11.44	11.49	12.09	11.97	11.49	12.4	11.78	11.27	11.105	11.01	10.66	10.75	10.91	11.2	11.95	12.01	11.94	11.53	11.72	10.51	10.28	10.84	10.42	11.1	10.78	11.27	11.07	11.05	11.15	10.78
HLA-DPB1	12.32	12.12	12.06	12.03	12.66	12.91	12.04	12.59	12.11	12.28	11.42	11.23	10.96	11.11	11.18	11.46	12.03	12.14	12.13	11.94	12.21	11.26	11.41	11.56	11.18	11.88	11.84	12.03	11.69	11.55	11.67	11.57
HLA-DQA1	3.81	9.72	9.69	10.44	3.55	11.69	10.16	12.03	11.2	10.04	3.125	3.15	2.79	3.23	3.09	3.14	3.19	3.06	2.88	2.8	3.04	3.34	3.37	3.56	3.41	2.75	3.36	3.4	3.04	3.45	2.96	2.45
HLA-DQB1	3.81	8.88	8.38	8.22	4.09	10.19	9.2	9.94	9.52	8.38	3.125	3.15	4.12	3.23	3.09	3.14	3.19	3.06	2.88	2.8	3.04	3.34	3.37	3.56	3.41	2.75	3.36	3.4	3.04	3.45	2.96	2.45
HLA-DRA	13.61	13.21	13.22	13.03	13.94	13.8	13.34	14.06	13.48	13.43	11.545	11.38	10.99	11.63	11.99	12.14	12.79	12.96	12.84	12.59	12.8	10.84	10.27	11.34	10.82	11.63	11.09	11.85	11.04	11.13	11.25	11.16
HLA-DRB1	7.45	7.81	7.32	6.98	8.26	10.71	9.29	5.81	7.5	7.09	5.005	4.87	4.8	4.51	5.14	5.23	7.36	7.53	7.02	7.19	7.62	3.93	4.3	4.34	3.41	7.22	7.14	6.98	9.39	9.19	9.62	9.6
HLA-DRB3	11.54	11.08	10.92	10.49	11.58	11.81	11.14	11.48	11.38	11.12	10.13	10.04	9.67	10.08	10.33	10.57	11.58	11.43	11.31	11.03	11.15	10.74	10.86	10.69	10.63	11.27	11.41	11.33	11.47	11.22	11.39	11.32
HRAS	4.87	5.21	4.78	5.11	4.61	4.67	4.89	4.66	4.96	4.6	5.545	5.62	5.71	5.61	5.3	5.2	5.4	5.68	5.71	5.61	5.91	5.47	5.02	5.55	5.43	5.43	5.21	5.85	5.43	5.11	5.75	5.56
ICAM1	7.58	7.8	7.61	7.33	7.83	7.57	7.85	7.95	8.04	8.01	8.37	8.54	9.16	8.79	8.55	7.51	7.76	8.29	7.65	7.5	7.27	7.24	7.12	7.35	7.49	7.44	7.18	7.74	7.6	7.28	7.34	7.49
ICAM2	8.64	8.62	8.87	8.91	8.7	8.42	8.78	9.02	8.63	8.53	8.2	8.1	7.86	8.07	7.77	7.65	8.25	8.55	8.36	8.09	8.4	7.59	7.5	7.75	7.56	7.66	7.94	7.83	8.18	8.02	7.82	8.07
ICAM3	12.02	11.65	11.8	11.86	11.84	11.66	11.81	11.77	11.82	12.11	11.35	11.48	11.81	11.5	11.65	11.37	11.17	10.77	10.57	10.9	10.85	11.31	11.01	11.53	11.34	11.32	10.86	11.63	10.54	10.55	10.96	11.2
ICAM4	4.81	5.56	4.72	4.88	5.09	4.93	5.99	4.89	5.09	4.66	4.315	4.32	2.79	4.03	3.55	3.75	4.54	4.58	4.01	4.66	3.78	4	4.39	4.95	4	4.26	3.82	4.45	4.31	3.57	4.05	3.94
ICAM5	3.81	3.74	3.81	3.47	3.55	3.88	3.66	3.77	4.26	3.86	3.125	3.15	3.97	3.23	3.09	3.14	3.19	3.06	3.6	2.8	3.04	3.34	3.37	3.56	3.41	3.52	3.36	3.4	3.26	3.45	2.96	2.45
ICOS	6.98	7.33	7.35	7.52	6.77	6.72	7	7.09	7.05	6.81	6.87	6.35	6.47	6.64	6.78	6.83	7.45	7.41	7.66	7.65	7.51	6.36	6.49	6.88	6.24	6.81	6.31	6.97	6.81	6.97	6.72	6.53
ICOSLG	6.72	6.08	6.61	6.07	6.83	6.5	6.64	6.68	6.75	6.84	5.39	5.57	5.05	5.64	5.85	5.7	5.79	6.5	6.35	6.44	6.25	5.54	5.35	5.55	5.75	5.77	6.01	6.14	5.78	5.97	5.99	5.75
IDO1	6.47	6.6	7.35	6.5	6.73	6.53	6.59	6.6	6.58	7.92	5.815	6.37	6.58	6.79	6.63	5.95	6.6	7.22	6.24	5.99	5.78	5.4	4.96	6.62	5.8	5.36	4.82	5.16	5.43	4.95	4.89	4.94
IFI16	10.56	10.82	9.98	10.34	10.01	10.05	9.95	10.88	10.28	10.25	12.365	12.21	12.04	10.62	10.44	10.19	12	11.54	11.17	10.71	10.18	10.09	10.08	10.07	10.05	10	9.85	10.04	11.5	11.37	10.92	10.42
IFI35	7.72	8.2	7.25	7.18	7.17	7.16	7.03	8.24	7.19	7.16	9.8	9.75	9.12	8.14	7.53	7.3	9.74	9.47	9.06	7.89	7.48	7.09	7.14	7.15	7.15	7.28	6.95	7.08	9.32	8.8	8.4	7.79
IFIH1	7.86	8.23	7.42	7.31	7.05	6.91	7.02	8.23	7.13	7.15	10.33	10.34	10.15	8.76	8.21	7.68	10.24	9.77	9.19	8.55	7.54	7.64	7.59	7.55	7.63	7.75	7.43	7.68	9.63	9.3	8.79	7.89
IFIT2	9.71	10.27	8.42	8.61	7.94	7.78	7.96	11.64	8.26	8.63	12.06	11.52	11.27	9.18	8.77	8.13	11.94	11.08	10	9.11	7.95	8.27	7.95	8.43	8.39	8.55	7.98	8.66	12.61	12.26	11.35	10.29
IFITM1	13.34	13.94	12.99	13	12.8	12.68	13.11	13.76	13.04	12.95	15.655	15.26	15.41	13.64	13.06	12.86	15.04	14.82	14.41	13.71	12.91	12.24	11.9	12.47	12.2	12.32	12.07	12.44	14.36	14.21	13.67	12.82
IFNA1/13	3.81	3.74	3.81	3.47	3.55	3.88	3.66	3.77	3.91	4.24	3.81	4.32	5.32	3.7	3.09	3.3	3.19	3.51	2.88	3.23	3.04	3.34	3.37	3.56	4	2.75	3.36	3.4	3.04	3.45	3.26	3.26
IFNA2	4.31	4.81	4.46	4.49	4.54	4.02	3.66	4.31	3.91	3.86	4.735	4.32	4.12	3.23	3.09	3.43	3.19	4.1	3.18	2.8	3.04	3.34	3.37	3.56	3.41	2.94	3.37	3.8	3.04	3.86	2.96	3.26
IFNAR1	8.53	8.09	8.13	8.16	8.29	8.08	8.31	8.24	8.17	8.38	8.28	8.31	8.66	7.97	7.69	7.53	7.67	7.41	7.23	7.66	6.91	7.15	7.05	7.17	7.39	7.14	7.05	7.65	6.84	7.02	7.05	7.08
IFNAR2	10.54	10.37	10.43	10.23	10.39	10.3	10.41	10.33	10.23	10.49	10.855	11.09	11.19	10.73	10.65	10.38	10.74	10.69	10.43	10.58	10.21	10.24	10.23	10.38	10.51	10.5	10.25	10.6	10.45	10.48	10.49	10.56
IFNB1	3.81	3.74	3.81	3.47	3.55	3.88	3.66	3.77	3.82	3.86	3.125	3.15	3.61	3.23	3.09	3.14	3.19	3.06	2.88	2.9	3.04	3.34	3.37	3.56	3.41	2.75	3.36	3.4	3.04	3.45	2.96	2.45
IFNG	4.31	5.35	5	5.11	4.73	5.35	5.78	4.31	5.05	4.93	4.86	4.79	4.97	4.44	4.95	5.01	3.19	4.58	4.6	4.66	4.17	3.54	3.37	4.74	3.41	2.75	3.66	3.4	3.76	3.77	3.38	4.53
IFNGR1	11.68	11.36	10.85	11.07	11.22	11.34	11.23	11.3	11.32	11.34	11.86	12.15	12.31	11.61	11.56	11.32	11.91	11.36	11.26	11.3	11.17	10.48	9.97	10.25	10.57	11.05	10.31	10.59	10.52	10.65	11.01	10.97
IGF2R	10.48	9.65	9.63	9.58	9.62	9.56	9.64	9.56	9.49	9.97	10.3	10.47	10.74	10.19	10.15	9.84	9.92	9.34	8.93	9.26	9.01	9.55	9.45	9.71	9.74	9.36	8.97	9.82	8.86	8.86	9.27	9.48
IKBKAP	7.1	7.37	7.27	7.22	7.2	7.14	7.11	7.38	7.16	7.08	6.885	6.94	6.91	6.89	6.8	6.99	7.2	6.7	7.18	6.94	7.37	6.81	7.23	7.12	7.04	7.1	7.25	6.9	7.12	7.18	7.23	7.27
IKBKB	7.51	7.3	7.4	7.54	7.31	7.7	7.11	7.6	7.38	7.58	7.435	7.7	7.74	7.7	7.68	7.69	7.85	7.71	7.77	7.73	7.62	7.3	7.69	7.83	7.5	7.25	7.36	7.36	7.67	7.62	7.61	7.66
IKBKE	7.43	7.62	7.56	7.66	7.64	7.43	7.29	7.81	7.54	7.55	7.84	7.88	7.47	8.06	7.58	7.85	8.2	8.08	8.33	8.11	7.69	7.25	7.44	7.3	7.7	7.43	7.64	7.48	8.18	8.14	7.81	7.91
IKBKG	8.28	8.44	8.03	8.34	8.34	8.3	8.23	8.32	8.08	8.48	8.735	8.7	8.98	8.73	8.83	8.39	8.38	8.22	8.23	8.04	7.93	8.41	8.32	8.43	8.58	7.95	7.85	7.83	8.05	7.88	8.08	8.27
IKZF1	8.41	8.6	8.4	8.57	8.46	8.48	8.35	8.55	8.55	8.37	8.935	9.15	8.91	8.82	8.61	8.74	8.99	9.06	8.9	8.96	9.04	8.37	8.65	8.55	8.29	8.84	8.67	8.71	8.84	8.63	8.89	8.95
IKZF2	7.36	7.47	7.7	7.11	7.47	6.77	7.4	6.96	7.24	7.44	5.72	5.79	5.89	5.9	6.28	6.05	6.52	7.26	7.13	7.33	7.46	6.37	6.6	7.07	6.47	7.28	7.36	7.14	7.68	7.66	7.46	7.74
IKZF3	8.27	8.98	8.89	9.09	8.74	8.78	8.77	8.88	8.69	8.51	9.24	9.17	8.56	9.2	9.02	9.1	9.16	9.27	9.45	9.48	9.6	8.9	9.24	9.2	8.96	9.31	9.36	9.16	9.46	9.28	9.41	9.47
IL10	3.81	4.35	3.81	3.83	3.55	3.88	4.17	3.77	4.18	4.16	4.75	4.08	3.61	3.7	3.41	3.75	4.12	3.65	3.6	2.9	3.04	3.34	3.37	3.56	3.41	2.75	3.37	3.4	4.13	3.77	3.89	3.94
IL10RA	10.4	10.63	10.48	10.64	10.45	10.77	10.47	10.69	10.48	10.38	10.165	10.24	9.94	10.01	9.94	10.05	10.57	10.65	10.59	10.53	10.55	9.86	10.27	10.34	10.11	10.19	10.24	10.38	10.53	10.41	10.36	10.2
IL11RA	5.23	5.35	5.27	5.27	4.79	5.27	5.12	5.23	5.65	5.63	4.82	4.71	4.8	4.76	4.85	5.09	5.75	5.51	5.68	5.99	5.5	4.83	5.18	5.45	5.39	5.75	5.32	5.72	5.31	5.07	5.12	5.72
IL12A	4.81	4.87	4.66	4.55	3.89	4.61	4.94	5	4.87	5.16	4.735	5.62	5.05	4.82	3.79	4.43	4.71	5.05	4.4	4.07	4.72	3.35	3.99	3.9	3.73	3.94	3.96	4.24	4.06	4.19	4.44	4.03
IL12B	4.23	3.74	4.31	3.47	4.33	4.27	4.33	4.23	4.81	3.98	3.125	3.15	2.79	3.23	3.09	3.14	4.12	3.06	2.88	2.8	3.04	3.34	3.37	3.56	3.41	2.75	3.36	3.57	3.04	3.45	2.96	2.53
IL12RB1	7.15	7.14	7.14	7.44	6.91	6.91	6.98	7.42	7.08	6.79	7.445	7.32	7.32	7.17	7.19	7.14	7.38	7.35	6.97	7.12	7.22	6.67	7.15	6.98	6.98	6.65	7.11	6.97	7.38	7.02	7.16	7.36
IL13	4.58	3.74	4.46	3.61	3.99	3.88	3.66	3.77	4.09	3.86	3.69	3.15	4.89	3.23	3.68	3.14	3.86	3.78	3.18	2.9	3.04	3.34	3.37	3.56	3.41	2.75	3.36	3.8	3.04	3.45	2.96	2.45
IL13RA1	10.74	10.13	10.08	10.29	10.3	10.47	10.14	10.6	10.19	10.51	10.125	10.02	10.59	9.56	9.71	9.35	10.04	9.51	8.92	9.38	9.1	9.56	9.12	9.37	9.39	9.72	9.41	9.49	8.58	8.41	9.13	9.27
IL15	5.81	6.08	5.84	5.61	5.89	5.93	5.84	6.75	5.68	5.74	6.51	6.43	5.93	6.12	6.2	6.09	7.15	6.99	6.46	6.24	5.81	5.49	5.32	5.34	5.73	5.77	5.37	5.82	6.37	5.91	6.29	6.13
IL16	10.99	10.85	10.95	10.95	10.96	10.69	10.93	10.95	10.89	11.06	10.22	10.19	10.5	10.38	10.61	10.18	10.39	10.32	10.35	10.75	10.73	10.26	10.28	10.66	10.44	10.89	10.57	10.8	10.21	10.2	10.48	10.76
IL17A	3.81	3.74	3.81	3.47	3.55	3.88	3.66	3.77	3.82	3.86	3.125	3.15	4.5	3.23	3.09	3.14	3.19	3.06	2.88	2.9	3.04	3.34	3.37	3.56	3.41	2.75	3.36	3.4	3.04	3.45	2.96	2.45
IL17B	3.81	3.74	3.81	3.47	3.55	3.88	3.66	3.77	3.82	3.86	3.125	3.15	4.26	3.23	3.09	3.14	3.19	3.06	2.88	2.8	3.04	3.34	3.37	3.56	3.41	2.75	3.36	3.4	3.04	3.45	2.96	2.45
IL17F	4.23	3.74	3.81	3.61	3.67	3.88	3.66	3.77	4.18	3.86	3.85	3.79	4.26	3.23	3.09	3.14	3.19	3.06	2.88	2.8	3.04	3.35	3.37	3.56	3.41	3.4	3.36	3.45	3.04	3.45	2.96	2.94
IL18	6.08	6.21	5.92	5.49	6.51	6.42	6.15	6.39	6.03	5.72	7.16	6.75	7.19	6.61	7	6.25	7.01	6.6	6.18	6.38	6.19	6.35	6.18	6.22	6.46	6.31	5.98	5.54	5.6	5.84	6.07	6.11
IL18R1	8.19	8.05	7.87	7.74	8.07	7.49	7.56	7.69	7.44	7.53	10.175	10.65	10.92	9.01	8.54	8.16	9.11	8.53	7.94	8.3	8	7.86	7.76	7.92	8.09	8.17	7.93	7.9	7.96	8.04	7.83	7.68
IL18RAP	8.96	8.9	7.27	8.17	8.16	7.99	8.44	7.62	7.08	6.69	10.415	10.81	10.99	9.52	9.26	8.75	9.95	9.51	8.98	9.3	8.94	8.23	8	8.38	8.62	8.64	8.2	8.34	7.82	7.95	7.72	7.7
IL19	3.81	3.74	3.81	3.83	3.55	3.88	3.66	3.77	3.82	3.86	3.125	3.15	2.79	3.23	3.09	3.14	3.19	3.06	2.88	2.8	3.04	3.34	3.37	3.56	3.41	2.75	3.36	3.4	3.04	3.45	2.96	2.45
IL1A	3.81	3.74	3.81	3.61	3.55	3.88	3.66	3.77	3.82	3.86	4.245	4.87	4.8	3.23	3.26	3.16	3.19	3.06	2.88	3.07	3.25	3.34	3.37	3.56	3.41	2.94	3.36	3.4	3.04	3.45	3.12	2.75
IL1B	8.46	8.69	7.77	7.96	7.8	7.35	8.33	7.95	8.02	8.75	9.33	8.95	9.74	8.71	8.24	7.19	7.91	8.15	7.58	7.76	6.38	7.01	6.14	7.34	7.08	7.15	6.47	7.46	7.48	7.5	6.91	6.89
IL1R1	5.19	4.99	5.39	4.83	5.04	5.35	5.03	5.46	5.33	5.39	6.475	6.53	6.91	6.42	5.95	5.77	6.15	5.24	4.66	5.4	4.6	5.4	5.21	5.14	5.71	5.19	4.99	5.69	4.62	4.39	4.89	4.99
IL1R2	8.66	7.9	7.98	8.12	8.12	8.11	8.2	7.89	7.96	8.33	8.53	9.71	10.02	8.75	8.86	8.18	8.47	7.62	6.94	7.4	7.31	8.24	7.3	7.62	7.98	7.87	7.02	8.05	5.86	6.15	6.91	7.55
IL1RAP	9.57	8.55	8.98	9.06	9	8.78	8.76	8.89	8.78	9.24	7.87	8.06	8.36	7.04	7.42	7.37	7.87	7.2	7	7.38	7.1	7.9	7.43	8.51	7.63	7.85	7.61	8.25	6.88	6.91	6.71	7.24
IL1RL1	4.06	3.74	4.46	3.73	6.24	3.88	4.25	4.05	3.82	3.86	4.395	4.71	5.76	5.21	5.73	5.09	4.54	3.89	3.47	4.49	4.54	5.03	4.39	6.09	5.41	5.19	4.99	4.24	3.04	3.45	4.05	3.75
IL1RL2	4.58	4.52	4.39	3.83	4.33	3.88	3.66	4.14	4.76	4.32	3.56	3.15	3.61	3.23	3.09	3.14	3.19	3.36	2.88	2.8	3.04	3.34	3.37	3.56	3.41	2.75	3.36	3.4	3.04	3.45	2.97	2.53
IL1RN	8	8.14	7.2	7.26	6.74	7.06	7.52	7.79	6.91	7.35	9.9	9.54	9.74	8.25	7.76	7.23	9.01	8.57	7.65	7.69	5.98	7	6.21	6.72	6.91	7.05	6.35	6.74	8.28	8.06	7.72	7.36
IL2	3.81	3.74	3.81	3.47	3.89	3.88	3.66	3.77	3.82	3.86	3.125	3.15	2.79	3.23	3.09	3.14	3.19	3.06	3.01	2.8	3.04	3.34	3.37	3.56	3.41	2.75	3.36	3.4	3.04	3.45	2.96	2.53
IL20	3.81	4.35	4.31	3.61	3.55	3.88	3.66	3.77	3.91	4.46	3.125	4.2	3.61	3.23	3.09	3.14	3.19	3.51	2.88	2.8	3.04	3.34	3.37	3.9	3.41	2.75	3.36	3.4	3.04	3.45	2.96	2.94
IL21	3.81	3.74	3.81	3.47	3.55	3.88	4.47	3.95	4.26	3.98	3.56	3.15	2.79	3.44	3.09	3.14	3.19	3.06	3.47	3.07	3.04	3.34	3.37	3.56	3.41	2.75	3.36	3.4	3.04	3.45	2.96	2.53
IL21R	6.42	6.48	6.44	6.86	5.92	6.4	6.44	6.16	6.78	6.41	6.545	6.53	6.29	6.21	6.47	6.53	6.52	6.76	6.63	6.82	6.71	6.02	6.76	6.66	6.23	6.31	6.59	6.77	6.73	6.92	6.64	6.89
IL22	3.81	4.16	4.46	3.47	3.99	4.02	3.66	3.77	3.82	3.86	3.125	3.79	4.61	3.23	3.09	3.14	3.19	3.06	2.88	3.23	3.04	3.34	3.37	3.56	3.41	2.75	3.36	3.4	3.04	3.45	2.96	2.45
IL22RA2	3.81	3.74	3.81	3.47	3.55	3.88	3.66	3.77	3.91	4.24	3.125	3.15	2.79	3.23	3.09	3.14	3.19	3.06	2.88	2.8	3.04	3.34	3.37	3.56	3.41	2.75	3.36	3.4	3.04	3.45	2.96	3.11
IL23A	5.94	5.16	5.66	5.83	5.09	5.11	4.99	5.53	5.98	5.63	4.055	3.15	4.26	4.76	5.09	4.84	5.06	5.19	5.5	5.79	5.66	3.93	3.81	4.34	4	4.98	4.61	5.54	3.99	3.95	4.8	4.26
IL23R	3.81	4.6	4.05	3.47	3.55	3.88	3.89	3.77	3.82	3.86	4.055	3.15	4.12	3.44	4.26	3.14	4.79	4.71	3.71	5.23	4.47	4	3.37	3.56	3.5	4.11	4.27	4.8	3.58	4.03	3.61	2.53
IL26	3.97	3.74	3.81	3.83	3.55	3.88	3.66	3.77	3.82	3.86	3.125	3.15	3.8	3.82	3.09	3.14	3.19	3.51	2.88	3.71	3.25	3.34	3.37	3.56	3.41	2.94	3.36	3.4	3.04	3.45	2.96	2.75
IL27	3.81	3.74	3.81	3.47	3.55	3.88	3.66	3.77	3.82	3.86	3.125	4.2	3.61	3.23	3.09	3.14	3.86	3.51	3.47	2.8	3.04	3.34	3.37	3.56	3.41	2.75	3.36	3.4	3.13	3.45	2.96	2.53
IL28A	3.81	3.74	3.81	3.47	3.67	3.88	3.66	3.77	3.82	3.86	3.62	3.15	3.8	3.23	3.09	3.14	3.19	3.06	3.01	2.8	3.04	3.34	3.37	3.56	3.41	2.75	3.36	3.4	3.04	3.45	2.96	2.45
IL28A/B	3.81	3.74	3.81	4.55	3.79	3.88	4.08	4.14	4.09	4.32	3.81	3.94	4.26	3.58	3.68	3.43	3.19	3.89	3.18	3.23	3.04	3.34	3.37	3.9	3.41	2.75	3.36	3.45	3.04	3.45	3.89	3.11
IL29	3.81	3.74	3.81	3.47	3.89	3.88	3.66	3.77	3.82	3.86	3.125	3.15	2.79	3.23	3.09	3.14	3.19	3.06	3.01	2.8	3.04	3.34	3.37	3.56	3.41	2.75	3.36	3.4	3.04	3.45	2.96	2.53
IL2RA	5.92	5.87	6.53	5.98	5.97	5.95	5.91	6	6.42	5.9	5.015	5.01	4.5	5.33	5.65	5.51	6	6.42	6.3	6.24	6.29	5.97	5.67	6.38	6.11	6.3	6.32	5.99	5.34	4.99	5.66	6.03
IL2RB	9.3	9.18	9.16	9.51	9.09	8.86	9.67	8.93	8.99	8.87	9.48	9.3	9.2	8.97	8.76	9.22	8.96	9.29	9.34	9.21	9.74	8.59	9.32	9.16	8.97	8.94	9.32	8.52	9.35	9.15	8.95	9.18
IL2RG	11.75	11.69	11.47	11.7	11.26	11.52	11.42	11.5	11.59	11.56	12.78	12.72	12.99	12.5	12.15	12.13	12.23	12.21	12.17	12.12	12.09	11.75	11.86	11.78	11.73	11.78	11.82	11.84	12.25	12.16	12.13	11.82
IL3	3.81	3.74	3.81	3.47	3.55	3.88	3.66	3.77	3.82	3.86	3.125	3.15	2.79	3.23	3.09	3.14	3.19	3.06	2.88	3.07	3.04	3.34	3.37	3.56	3.41	2.75	3.36	3.4	3.04	3.45	2.96	2.45
IL32	13.74	13.94	13.59	13.51	13.94	13.67	13.6	13.77	13.49	13.81	14.065	14.48	14.91	14.3	14.35	13.97	14.46	14.1	13.74	14.35	14.22	11.37	10.85	11.79	11.21	11.34	10.74	11.33	10.94	11.31	11.48	11.3
IL4	3.97	3.74	4.23	3.61	3.55	3.88	3.66	3.77	4.09	3.86	3.125	3.15	2.79	3.23	3.09	3.14	3.19	3.06	2.88	2.8	3.04	3.34	3.37	3.68	3.41	2.75	3.36	3.4	3.04	3.45	2.96	2.75
IL4R	9.48	9.54	9.71	9.7	9.62	9.58	10.24	9.7	10.11	10.14	10.66	10.97	11.13	9.72	9.55	8.99	8.88	8.94	8.81	9.26	8.51	8.48	8.56	8.79	8.86	8.77	8.61	8.8	8.17	8.34	8.49	8.72
IL5	4.06	3.74	3.81	3.47	3.55	3.88	3.66	3.77	3.82	3.86	3.125	3.15	2.79	3.23	3.09	3.14	3.19	3.06	2.88	2.8	3.04	3.34	3.37	3.56	3.41	2.75	3.36	3.4	3.04	3.45	2.96	2.53
IL6	3.81	4.35	3.81	4.2	3.79	4.02	4.72	4.05	4.47	4.07	4.435	4.32	3.61	3.23	3.09	3.16	3.19	3.65	3.71	3.99	3.4	3.34	3.37	3.8	3.41	2.75	3.37	3.45	3.26	3.45	3.12	2.53
IL6R	10.96	10.42	10.45	10.24	10.36	10.36	10.41	10.3	10.35	10.7	9.205	9.21	9.64	8.92	8.77	8.59	8.82	8.39	8.06	8.34	8.06	8.14	8.05	8.26	8.4	8.45	7.98	8.63	7.66	7.68	7.93	8
IL6ST	10.08	9.97	9.74	10.05	9.51	9.65	9.6	9.54	9.8	9.55	10.275	10.45	10.5	10.26	10.04	9.7	10.29	10.07	9.88	9.97	10.08	9.63	9.24	9.17	9.63	10.09	9.96	9.8	10.02	10	10.23	10.16
IL7	5.61	5.26	4.95	5.16	5.21	5.48	5.54	5.23	4.96	5.56	5.05	4.62	6.05	4.58	4.79	4.54	4	4.78	4.1	4.71	4.08	4.3	4.67	4.9	4.84	4.64	4.27	4.85	4.13	4.32	3.97	3.94
IL7R	11.69	11.77	11.53	11.82	11.21	11.36	10.99	11.76	11.59	11.23	10.87	10.89	10.15	10.7	10.68	10.55	12.37	12.1	12.34	12.45	12.74	10.87	10.78	10.74	10.6	12.48	12.37	12.3	11.77	11.65	12.01	11.63
IL8	9	6.65	7.77	7.3	7.24	6.82	7.51	7.36	6.27	5.98	7.29	6.66	7.63	7.32	7.43	6.65	7.37	7.67	7.38	8.43	7.74	5.37	4.48	5.98	4.9	7.06	5.89	6.88	5.37	6.55	6.79	7.23
IL9	3.81	3.74	3.81	3.47	3.55	3.88	3.66	3.77	3.82	3.86	3.125	3.15	2.79	3.23	3.09	3.14	3.19	3.06	2.88	2.8	3.04	3.34	3.37	3.56	3.41	2.75	3.36	3.4	3.04	3.45	2.96	2.75
ILF3	9.78	9.91	9.88	10	9.76	9.84	9.88	9.87	9.83	9.81	9.51	9.61	9.31	9.58	9.61	9.66	9.82	9.92	9.91	9.84	9.94	9.44	9.77	9.68	9.65	9.55	9.7	9.63	9.73	9.75	9.73	9.74
IRAK1	7.7	7.51	7.38	7.44	7.73	7.62	7.38	7.79	7.69	7.56	7.915	8.29	7.94	7.95	7.94	7.96	8.1	7.88	8.05	7.75	7.76	7.58	7.46	7.52	7.63	7.33	7.58	7.46	7.68	7.55	7.5	7.93
IRAK2	7.17	7.08	6.58	6.71	6.53	6.58	6.9	6.69	6.81	6.45	7.805	7.9	8.18	7.76	7.16	6.72	6.15	6.84	6.42	6.47	6.71	6.72	6.73	6.63	6.59	5.67	6.34	6.14	6.21	6.4	6.62	6.71
IRAK3	7.21	6.79	6.66	6.92	7.32	7.04	7.33	7.03	6.9	7.16	7.295	8.14	8.29	7.83	8.01	7.2	7.43	6.48	6.24	6.67	6.45	6.85	6.52	6.47	6.89	6.82	6.57	6.66	6.29	5.8	6.59	6.97
IRAK4	8.74	8.66	8.65	8.78	8.72	8.59	8.59	8.69	8.67	8.76	8.89	9.15	9.17	8.7	8.61	8.33	8.84	8.52	8.44	8.69	8.33	8.03	8.04	8.38	8.34	8.23	7.97	8.08	8.25	8.32	8.19	8.35
IRF1	9.93	9.85	9.72	9.68	9.73	9.68	9.6	9.89	9.2	10.05	10.755	10.64	11.12	10.27	10.13	9.83	10.48	10.83	9.68	9.57	9.33	9.71	9.63	9.93	9.82	9.63	9.26	9.99	9.95	9.83	9.8	9.73
IRF3	5.92	6.46	6.14	6.09	5.84	6.23	6.08	6.14	5.84	5.85	6.12	5.94	5.93	5.93	6.04	5.97	6.27	6.07	6.18	6.4	6.14	5.54	5.9	6.34	5.79	5.96	6.01	5.85	5.96	5.82	6.05	6.13
IRF4	8.24	8.23	8.58	7.78	8.06	8.21	8.43	8.53	8.26	8.65	8.72	8.63	8.97	9.15	9.18	8.76	9.53	8.88	9.39	8.9	8.6	7.67	8.11	7.84	7.99	8.03	8.08	7.81	8.32	8.66	8.75	8.66
IRF5	6.61	6.5	5.87	6.27	6.84	6.55	5.84	7.15	6.76	5.88	7.75	7.99	7.74	7.22	6.68	6.99	8.52	8.07	7.56	7.34	7.28	6.97	6.85	6.81	6.82	6.96	7.04	7	7.52	7.29	7.44	7.01
IRF7	8.3	8.73	7.65	7.95	7.74	7.31	7.18	8.73	7.69	7.64	10.97	10.71	10.4	8.59	8.01	7.7	10.68	10.25	9.64	8.78	7.75	7.39	7.45	7.96	7.75	7.43	7.32	7.6	10	9.67	9.11	8.24
IRF8	8.24	7.56	7.85	7.63	8.24	8.32	8.19	8.73	8.17	7.77	7.515	7.73	7.21	7.13	7.31	7.32	8.28	8.46	8.18	7.84	7.94	7.37	7.22	7.24	7.2	7.81	7.91	7.74	7.97	7.72	7.85	7.91
IRGM	4.38	4.52	3.95	4.03	3.99	3.88	3.66	3.77	3.82	4.72	3.75	3.94	2.79	3.7	3.09	3.14	4.12	4	3.33	3.36	3.04	3.34	3.52	3.8	3.41	3.26	3.47	3.57	3.04	3.77	3.5	2.94
ITGA2B	9.97	9.83	9.7	10.29	9.45	9.94	10.21	9.09	8.89	10.16	10.92	10.79	11.48	11.34	11.33	10.97	8.39	8.54	7.64	7.69	7.92	10.97	10.74	9.73	10.94	7.69	8.43	8.03	7.39	7.38	8.06	8.11
ITGA4	9.25	9.32	9.06	9.25	9.22	9.22	8.81	9.37	9.14	9.26	8.465	8.63	8.52	8.69	8.63	8.82	9.8	9.55	9.33	9.27	9.2	9.08	9.35	9.13	8.93	9.32	9.36	9.3	9.36	9.23	9.22	9.03
ITGA5	9.95	9.54	9.55	9.41	9.67	9.65	9.5	9.68	9.55	9.79	10.04	10.08	10.24	9.81	9.88	9.42	9.69	9.42	9.28	9.38	9.34	9.31	9.2	9.52	9.39	9.52	9.12	9.57	9.22	9.01	9.32	9.65
ITGA6	8.74	8.45	8.65	8.99	8.16	8.3	8.46	8.35	8.66	8.44	7.94	8.05	7.62	7.95	8.06	8.11	8.52	8.76	8.83	9.04	8.99	8.29	8.44	8.54	8.09	9.1	9.25	9.12	8.48	8.65	8.57	8.51
ITGAE	6.88	6.6	6.25	6.58	6.93	6.84	6.88	6.89	6.93	6.88	6.43	6.35	6.71	6.87	6.73	6.85	6.95	6.71	6.88	6.85	6.63	5.93	6.02	6.24	6.43	6.41	5.8	6.08	5.96	6.05	6.12	6.48
ITGAL	10.61	10.89	10.58	10.83	10.59	10.76	10.64	10.67	10.73	10.52	11.38	11.51	11.5	11.23	11.03	11.12	11.22	11.3	11.18	11.13	11.25	10.57	11.04	11.02	10.97	10.72	10.72	10.48	11.01	10.84	10.85	11.08
ITGAM	10.37	9.96	9.88	10.01	10.19	10.3	10.03	9.9	9.92	10.03	11.32	11.66	11.7	11.03	10.78	10.69	10.3	9.98	9.71	9.99	9.64	10.36	10.37	10.31	10.53	9.79	9.44	9.67	9.71	9.76	9.96	10.15
ITGAX	11.96	11.22	11.08	11.71	11.35	11.57	11.28	11.2	11.36	11.49	12.02	12.72	13.14	12.25	12.05	11.64	11.87	11.45	10.89	11.4	10.85	11.11	10.94	11.37	11.49	11.05	10.73	11.21	10.55	10.56	10.82	11.06
ITGB1	11.2	11.54	11.51	11.46	11.01	11.62	11.33	11.28	11.26	10.88	11.54	11.44	11.52	11.59	11.49	11.62	11.19	11.23	11.24	11.27	11.31	11.73	11.8	11.47	11.52	11.12	11.29	11.2	11.38	11.4	11.63	11.36
ITGB2	12.02	11.65	11.52	11.36	11.75	11.85	11.63	11.79	11.79	11.57	13.24	13.44	13.43	13.02	12.73	12.69	12.57	12.57	12.48	12.39	12.27	12.17	12.24	12.19	12.27	12.04	12.03	12.04	12.28	12.14	12.25	12.48
ITLN1	5.58	5.64	6.31	4.35	5.17	5.11	6.7	4.6	5.91	5.28	4.31	4.08	3.97	3.23	3.68	5.01	3.86	4.65	4.1	3.99	3.66	5.61	4.93	7.16	5.08	3.85	4.85	6.42	3.04	3.45	2.96	2.45
ITLN2	3.81	3.74	3.81	3.47	3.55	3.88	3.66	3.77	3.82	3.86	3.125	3.15	2.79	3.23	3.09	3.14	3.19	3.06	2.88	2.8	3.04	3.34	3.37	3.56	3.41	2.75	3.36	3.4	3.04	3.45	2.96	2.45
JAK1	9.5	9.28	9.41	9.4	9.27	9.17	9.43	9.57	9.37	9.35	9.86	9.94	9.86	9.9	10.1	9.82	10	9.98	10.12	10.08	10.35	9.89	10.01	10.18	9.96	10.24	10.12	10.19	9.84	9.85	9.9	10.18
JAK2	9.83	9.76	9.58	9.68	9.71	9.68	9.5	9.98	9.71	9.73	10.62	10.67	10.84	10.21	10.17	9.82	10.88	10.83	10.15	10.02	9.55	9.87	9.85	10.2	10.09	9.97	9.61	9.65	10.33	10.03	10.05	9.95
JAK3	9.41	9.33	9.4	9.44	9.06	9.16	9.42	9.42	9.62	9.66	9.845	10.2	10.15	9.58	9.41	8.96	9.26	9.17	9.07	9.27	8.93	8.67	8.76	8.98	9.01	8.84	8.86	9.15	9.02	8.87	8.69	9.01
KCNJ2	9.09	8.94	8.09	8.54	8.02	8.04	8.43	8.44	8.5	8.8	9.79	9.88	10.38	9.19	8.68	7.94	8.82	8.57	7.98	8.07	6.71	7.82	7.38	7.75	7.83	7.97	7.38	7.92	7.76	7.57	7.68	7.71
KIR3DL1	5.61	5.6	3.95	6.64	3.67	3.93	4.84	4.53	3.82	5.03	3.86	3.94	3.8	3.23	3.09	3.75	5.4	5.15	4.66	4.86	5.03	4	3.37	3.56	3.41	4.11	4.66	4.45	5.82	5.32	5.68	5.99
KIR3DL2	5.89	5.35	5.6	6.53	5.73	5.19	6.35	4.23	5.14	5.32	5.94	5.9	5.44	4.93	5.3	4.65	5.54	5.62	5.22	5.19	5.81	4.83	4.56	5.05	4.62	4.89	5.18	4.8	6.19	6.15	6.03	5.92
KIR3DL3	3.81	3.74	3.81	3.47	3.55	3.88	3.66	3.77	3.82	3.86	3.125	3.15	3.61	3.23	3.09	3.14	3.19	3.06	2.88	2.8	3.04	3.34	3.37	3.56	3.41	2.75	3.36	3.69	3.04	3.45	2.96	2.45
KIR_Activating_Subgroup_1	5.38	5.81	6.02	6.85	5.99	5.64	6.86	5.18	6.01	6.18	8.94	9.05	8.74	8.26	7.79	8.18	6.6	6.51	6.01	5.55	6.88	7.6	8.21	8.01	7.89	5.52	6.25	5.42	7.03	6.92	6.93	6.89
KIR_Activating_Subgroup_2	5.76	5.48	5.72	7.08	4.33	5.07	6.91	4.78	5.74	4.88	8.225	8.17	7.85	7.85	7.07	7.76	5.82	6.02	5.82	5.84	6.63	6.92	7.67	7.44	7.26	6.05	5.7	5.08	6.97	6.83	6.92	6.9
KIR_Inhibiting_Subgroup_1	6.93	6.02	6.39	7.54	6.8	5.78	7.12	5.14	5.01	6.09	6.595	6.5	6.36	6.14	5.65	5.82	6.67	6.78	6.49	6.5	7.42	5.18	5.93	6	5.73	6.09	6.5	5.63	7.38	7.33	7.41	7.5
KIR_Inhibiting_Subgroup_2	7.1	6.84	6.93	7.83	7	5.7	7.25	5.46	4.71	6.34	6.23	6.26	5.61	5.7	4.85	5.3	6.82	6.17	6.3	5.97	7.26	5.15	5.3	5.22	5.05	5.96	5.98	5.08	7.19	6.91	7.04	7.15
KIT	4.15	3.74	3.81	3.73	4.73	4.55	3.89	4.05	4.09	4.39	3.125	3.15	2.79	3.23	3.79	3.3	3.19	3.78	2.88	3.9	3.88	3.93	3.74	3.9	3.5	4.19	4.15	4.38	3.37	3.45	3.38	3.85
KLRAP1	5.73	5.39	6.09	5.27	6.11	6.13	6.01	5.5	6.01	5.95	5.015	4.94	4.97	4.64	4	4.36	4.93	5.15	4.26	5.15	4.4	3.86	4.35	4.62	4.41	4.8	5.03	4.51	5.29	5.32	5.41	4.7
KLRB1	10.57	11.03	10.29	11.24	10.58	10.06	10.47	10.1	10.33	10.2	9.225	8.93	8.64	8.81	8.74	9.18	10.02	10.01	10.13	10.31	10.68	7.17	7.26	8.63	7.07	7.93	7.64	8.37	7.79	8.11	8.27	8.28
KLRC1	7.66	7.83	6.93	7.76	6.59	7.97	6.33	6.72	8.34	7.5	9.375	9.5	9.4	9.32	8.93	9.11	8.27	8.62	8.35	8.5	9.02	7.37	8.02	8.66	7.95	7.27	7.08	6.54	6.92	6.95	6.98	7.33
KLRC2	7.38	7.39	7.85	7.27	8.7	7.24	8.33	7.03	8	7.3	8.865	8.98	9.05	8.74	8.52	8.56	8.39	8.66	8.29	8.39	8.95	7.13	8.01	8.38	7.95	7.53	7.32	6.83	6.65	7	7.16	7.19
KLRC3	8.78	7.67	8.23	8.55	9.1	8.62	8.86	7.95	7.84	7.97	7.42	7.74	7.43	7.24	6.89	7.53	8.47	8.63	8.38	8.46	9.13	6.84	7.25	7.43	7.24	7.66	7.83	7.13	9.18	9.35	9.34	9.2
KLRC4	7.44	7.64	8.08	7.73	8.19	7.66	7.84	7.19	7.52	8.12	6.605	6.85	6.97	6.76	6.32	6.55	8.19	8.16	7.87	7.95	8.68	6.36	6.95	7.07	6.78	7.7	7.54	6.94	8.67	8.78	8.93	8.76
KLRD1	9.4	9.66	9.31	10.07	9.67	10	10.1	9.11	9.76	9.14	11.125	11.24	10.72	10.54	10.18	10.4	9.93	10.04	9.92	9.63	10.74	9.55	10.03	10.08	9.63	9.21	9.42	8.2	10.19	10.07	10.21	10.43
KLRF1	9.2	9.19	8.31	9.25	9.02	8.28	9.86	8.22	8.52	8.61	9.04	9	8.84	8.61	8.18	8.33	9.4	10.02	9.66	9.62	10.47	6.88	7.37	7.9	7.62	8.33	8.09	6.93	8.26	8.36	8.62	8.51
KLRF2	3.81	3.74	3.81	3.47	3.55	3.88	3.66	3.77	3.82	3.86	3.125	3.15	2.79	3.23	3.41	3.14	3.86	3.06	3.01	2.8	3.4	3.34	3.37	3.56	3.41	2.75	3.36	3.4	3.04	3.45	2.96	2.75
KLRG1	7.91	9.47	8.81	9.15	8.23	9.21	8.55	8.57	8.94	8.65	9.435	9.44	9.5	9.22	9.03	9.3	8.25	8.37	8.37	8.63	8.83	8.5	9.13	9.25	9.14	8.05	7.94	7.88	8.43	8.58	8.62	8.64
KLRG2	4.97	4.81	4.72	4.67	4.41	4.78	4.78	4.89	4.65	3.98	5.285	5.37	5.5	4.44	4.41	4.16	5.4	3.89	3.6	4.36	4.33	3.71	3.87	4.09	3.87	3.4	4.47	4.85	4.06	3.86	3.8	3.94
KLRK1	9.55	9.8	9.56	10.1	9.74	10.19	9.77	9.61	9.63	9.83	10.635	10.54	10.35	10.21	9.97	10.38	10.3	10.5	10.53	10.5	10.86	9.48	9.94	10.27	9.93	9.61	9.48	9.27	9.93	10.13	10.1	10.08
LAG3	6.76	7.64	6.96	7.19	7.14	7.68	7.34	7.11	6.98	6.88	9.245	9.12	8.59	8.15	7.94	8.12	8.34	8.08	8.41	7.64	7.88	7.73	8.03	7.88	7.76	6.98	7.14	7.13	9.49	9.03	8.54	8.22
LAIR1	8.86	9.04	9	9.35	8.86	9.42	9.38	8.56	9.04	8.95	9.28	9.57	9.25	9.11	8.95	9.11	9.35	9.34	9.37	9.07	9.05	9.08	9.24	8.98	9.19	9.12	9.19	8.25	8.8	8.38	8.6	8.59
LAMP3	5.42	6.05	5.23	5.49	3.55	3.93	5.03	6.25	4.4	4.24	7.02	6.62	6.12	4.58	3.09	3.14	7.56	7.29	6.96	4.55	4.54	4.63	3.43	4.26	3.41	3.94	4.37	5.16	7.5	6.82	6.05	4.85
LCK	10.02	10.38	10.22	10.37	9.91	9.93	9.88	10.07	10.13	9.99	9.67	9.64	9.23	9.43	9.21	9.69	9.58	9.96	9.99	10.1	10.09	9.19	9.62	9.64	9.35	9.58	9.83	9.81	10.04	9.86	9.74	9.85
LCP2	11.55	11.44	11.19	11.35	11.29	11.23	11.26	11.41	11.12	11.29	12.225	12.03	12.46	11.81	11.7	11.53	12.12	12.12	11.6	11.75	11.47	11.49	11.49	11.67	11.65	11.69	11.49	11.69	11.62	11.61	11.61	11.58
LEF1	9.95	9.62	9.92	10.31	9.44	9.25	9.59	9.57	9.58	9.73	7.975	8.06	7.26	8.11	8.12	8.28	9.49	9.87	10.05	10.2	10.26	8.48	8.6	8.39	8.41	10.3	10.39	10.19	10.2	10.12	10.14	10.06
LGALS3	10.28	11.35	10.48	9.82	9.8	10.24	11.43	10.18	10.34	10.07	9.5	9.46	9.5	9.59	9.61	9.51	9.81	9.88	9.8	9.73	9.58	8.88	8.6	10.09	8.92	8.78	8.18	9.24	8.65	8.73	9.03	9
LIF	3.81	3.74	3.81	3.61	3.55	3.88	3.66	3.77	3.82	3.86	3.62	3.15	2.79	3.23	3.09	3.14	3.86	4.28	3.18	2.8	3.04	3.34	3.37	3.56	3.41	2.75	3.36	3.45	3.04	3.45	2.96	2.53
LILRA1	8.56	8.3	8.04	7.78	8.79	8.55	8.18	8.11	8.27	8.41	7.73	8.13	8.28	8.03	8.06	8.03	8.94	8.44	8.24	8.02	7.92	8.05	7.73	8.05	8.04	8.36	7.91	8.18	7.5	7.41	7.75	7.84
LILRA2	10.29	9.77	9.62	9.43	10.08	9.85	9.8	9.27	9.63	9.78	9.795	9.69	10.16	9.55	9.53	9.15	9.49	9.05	8.61	8.91	8.4	8.95	8.46	8.96	8.99	9	8.18	9.16	8.73	8.67	8.97	9.07
LILRA3	4.81	7.45	6.95	7.22	8.53	8.28	8.62	8.1	4.87	7.03	4.98	4.53	2.79	3.58	4.09	3.65	4.24	4.51	3.92	3.71	4.25	3.93	4.05	4.49	3.66	4.85	4.47	5.12	7.89	7.88	7.92	8.17
LILRA4	5.84	5.99	5.39	5.31	5.29	4.93	4.84	5.95	4.81	4.6	5.91	5.79	5.76	5.12	4.41	4.6	5.67	5.71	5.14	5.33	4.98	4.4	4.21	4.62	4.41	4.89	4.99	5.24	4.99	4.82	4.75	4.8
LILRA5	10.09	10.37	9.71	9.73	10.3	10.42	10.28	10.06	9.64	10	11.625	11.72	11.9	10.75	10.26	9.93	10.97	10.56	9.99	9.96	9.01	9.09	8.5	8.91	9.22	9.02	8.34	9.24	9.73	9.53	9.61	9.37
LILRA6	7.8	6.69	7.14	7.46	7.33	7.43	7.08	7.09	7.4	8	9.35	9.79	9.93	9.18	8.71	7.98	9.01	8.6	8.07	8.19	7.38	7.5	7.2	7.43	7.89	7.85	6.88	7.53	7.81	7.59	7.8	7.83
LILRB1	8.35	8.82	8.2	8.23	8.7	8.79	8.42	8.89	8.66	8.16	9.23	9.47	9.02	8.8	8.56	8.68	9.5	9.43	9.2	8.79	8.74	8.12	8.54	8.57	8.5	8.33	8.17	8.06	8.99	8.62	8.93	8.59
LILRB2	9.92	9.87	9.54	9.49	10.02	9.82	9.63	9.9	9.48	9.9	10.45	10.74	10.87	10.48	10.44	9.94	10.83	10.29	9.98	9.93	9.56	9.81	9.48	9.98	10	9.95	9.32	9.79	9.75	9.64	9.92	10.09
LILRB3	10.23	9.68	9.62	9.7	9.69	9.71	9.81	9.81	9.56	10.16	10.715	11.04	11.17	10.32	10.17	9.63	10.33	9.57	9	9.35	8.85	9.08	8.67	9.2	9.38	9.16	8.61	9.32	8.8	8.79	9.03	9.31
LILRB4	7.58	7.35	6.63	7.12	7.95	7.97	7.26	8.23	7.36	7.34	8.465	8.63	7.61	7.89	7.56	7.39	8.63	8.47	8.26	7.85	7.43	6.21	6.43	6.65	6.78	7.1	6.96	6.63	8.19	7.9	8.1	7.85
LILRB5	3.81	4.74	3.81	3.83	3.99	3.88	3.99	4.05	3.82	3.86	3.125	3.15	2.79	3.23	3.09	3.14	3.19	3.36	2.88	3.71	3.04	3.34	3.37	3.56	3.41	3.26	3.37	3.45	3.04	3.45	2.96	2.75
LITAF	12.2	11.91	11.71	11.72	11.65	11.61	11.92	11.59	11.73	11.96	12.71	12.31	12.88	11.68	11.61	11.44	11.92	11.58	11.11	11.56	10.97	11.46	11.24	11.49	11.39	11.41	11.15	11.9	11.53	11.56	11.57	11.52
LTA	6.91	6.62	6.91	6.5	6.48	6.15	6.6	6.53	6.67	6.69	6.17	5.98	5.85	5.82	5.79	5.82	5.86	5.89	6.3	6.3	5.88	5.45	5.79	6.05	5.6	6.17	6.49	5.99	6.73	6.62	6.31	6.09
LTB4R	8.21	7.7	7.63	7.42	7.52	7.98	7.46	7.6	7.56	7.72	9.325	9.45	9.81	8.69	8.55	8.25	8.58	7.96	7.6	7.89	7.48	8.12	7.72	7.86	8.24	7.85	7.51	7.73	7.34	7.35	7.82	8.07
LTB4R2	6.49	6.5	6.23	6.74	6.76	6.65	6.64	6.66	6.4	6.81	6.685	7.31	7.43	7.05	7.01	6.58	6.86	6.4	6.33	6.99	6.63	6.46	6.81	6.96	7.03	6.48	6.09	6.24	6.26	6.4	6.47	6.42
LTBR	8.64	8.33	7.92	8.04	8.21	8.19	7.96	8.11	8	8.18	9.07	9.21	9.29	8.6	8.28	8.2	9.04	8.78	8.5	8.45	7.71	7.79	7.53	7.77	7.96	7.75	7.62	7.97	8.03	7.94	7.95	8.17
LTF	6.42	9.59	6.65	7.55	6.46	11.83	10.77	8.91	6.43	7.38	8.545	8.82	9.62	10.61	10.94	11.29	7.06	6.32	7.13	6.52	6.81	12.32	12.5	10.43	11.79	7.2	7.78	7.24	7.24	7.38	7.38	7.4
LY96	9.65	9.35	8.96	8.96	8.79	8.94	9.47	9.07	9.12	9.08	10.85	10.3	11.07	9.6	9.35	8.84	9.64	9.63	8.73	9.22	8.17	7.53	6.7	7.71	7.74	7.75	6.76	7.91	7.77	8.06	8.07	7.69
MAF	5.89	5.52	5.63	5.67	5.44	4.88	5.47	5.14	5.36	5.07	5.315	4.94	5.56	5.64	5.18	5.16	6.03	5.86	6.01	5.55	5.63	4.86	5.32	5.77	5.08	5.55	5.32	5.45	5.1	5.39	4.93	5.4
MALT1	9.28	9.05	9.05	9.24	9.06	9.07	9.01	9.25	9.33	9	8.97	9.1	9.02	8.98	8.8	8.96	9.52	9.7	9.57	9.55	9.57	8.83	9.08	8.94	8.88	9.42	9.41	9.31	9.4	9.33	9.4	9.22
MAP4K1	8.1	8.36	8.53	8.38	8.29	8.34	8.29	8.67	8.4	8.33	8.275	8.4	8.33	8.5	8.57	8.5	8.71	8.71	8.81	8.89	8.94	8.26	8.83	8.75	8.65	8.52	8.61	8.68	8.6	8.43	8.57	8.83
MAP4K2	8.83	8.3	8.68	8.6	8.2	8.62	8.38	8.74	8.55	8.49	9.035	9.06	9.32	9.01	8.92	8.85	8.97	8.79	8.64	8.89	8.7	8.65	8.64	8.66	8.79	8.52	8.64	8.67	8.37	8.65	8.38	8.57
MAP4K4	10.4	10.16	10.04	9.94	9.98	10.09	10.05	10.08	10	10.24	10.455	10.31	10.68	10.12	10.03	9.77	9.88	9.55	9.47	9.66	9.33	9.54	9.39	9.56	9.68	9.61	9.35	9.65	9.21	9.36	9.45	9.79
MAPK1	11.39	11.43	11.16	11.08	11.18	11.24	11.53	11.11	11.14	11.3	11.58	11.54	12	11.33	11.31	11.28	11.26	11.25	10.83	11.01	10.7	11.07	11.09	11.51	11.17	10.88	10.79	11.19	10.71	10.76	10.83	10.78
MAPK11	5.42	4.74	5.05	4.78	4.89	4.55	5.25	4.78	5.26	5.2	5.63	4.87	5.85	5.03	4.41	4.01	5.63	4.89	3.71	4.55	3.88	4	3.6	4.26	3.58	4.03	3.36	3.9	4.13	4.19	4.55	4.47
MAPK14	10.34	10.19	9.94	9.94	9.91	9.99	10.04	10.04	10.12	10.11	11.77	12.03	12.35	11.32	11.13	10.42	10.64	10.48	9.98	10.32	9.74	10.18	10.14	10.24	10.49	10.06	9.66	9.91	10.04	10.07	10.25	10.34
MAPKAPK2	8.16	8.04	7.95	7.99	8.22	8	8.1	8.02	7.9	8.15	7.48	7.1	7.88	7.35	7.33	7.24	7.22	7.17	6.82	6.8	6.91	7.02	7.05	7.23	7.04	6.48	6.57	6.7	6.86	6.95	6.91	7.11
MARCO	6.98	6.02	5.81	6.57	5.79	7.26	4.25	6.44	6.79	6.26	6.415	7.01	6.23	6.4	6.11	5.79	6.91	6.95	6.57	6.07	5.69	5.49	5.25	4.55	5.58	5.72	5.45	4.57	6.19	6.03	6.32	6.09
MASP1	4.23	4.67	3.81	4.27	3.55	3.88	4.17	3.77	4.01	3.86	4.395	4.53	4.12	3.23	3.26	3.54	4.63	3.89	2.88	3.36	3.25	3.45	3.37	3.56	3.41	3.26	3.36	3.45	3.04	3.45	2.96	2.94
MASP2	3.81	4.26	4.66	4.11	3.99	4.02	3.99	3.77	4.33	3.98	3.96	3.15	3.97	3.23	3.09	3.14	4	4.19	3.01	3.71	3.04	3.34	3.37	3.56	3.41	2.75	3.36	3.45	3.04	3.45	3.38	3.26
MBL2	4.06	3.74	3.81	3.73	3.55	3.88	3.99	3.77	3.82	3.86	4.59	3.15	3.8	4.37	3.68	4.48	3.19	3.06	3.18	2.8	3.04	3.34	3.37	4.18	3.41	2.75	3.36	3.69	3.13	3.45	2.96	2.94
MBP	10.35	10.77	10.43	10.38	10.13	10.25	10.54	10.33	10.07	10.3	9.805	9.57	9.81	9.5	9.62	9.4	9.55	9.39	9.06	9.41	9.48	9.64	9.66	10.26	9.55	9.75	9.64	9.89	9.24	9.19	9.44	9.88
MCL1	13.04	12.69	12.47	12.43	12.68	12.74	12.46	12.8	12.52	12.85	13.345	13.48	13.66	12.87	12.8	12.45	13.52	12.93	12.56	12.64	12.33	12.39	12.3	12.68	12.39	12.58	12.22	12.7	12.72	12.62	12.64	12.58
MIF	9.41	9.41	9.72	9.48	9.35	9.15	9.15	9.55	9.41	9.51	8.81	8.78	8.56	8.73	8.78	8.79	8.81	8.94	9.02	9.07	8.86	8.66	8.65	8.53	8.55	8.97	8.88	8.62	9.01	8.79	9.07	9.18
MME	10.4	9.66	9.92	9.77	9.71	9.67	9.9	9.94	9.47	10.16	9.48	9.48	10.08	9.87	10.48	9.58	8.48	7.63	6.81	8.34	7.81	9.12	8.33	8.99	9.27	9.22	7.88	9.31	7.68	8.08	9.16	9.71
MR1	7.21	6.96	6.58	6.78	7.21	6.65	6.85	6.78	6.67	6.58	7.36	7.43	7.12	7.1	6.91	6.74	7.03	7.24	6.96	7.06	7.07	6.39	6.47	6.82	6.52	6.9	6.71	6.56	6.86	6.74	6.71	6.79
MRC1	3.81	3.74	3.81	4.11	4.17	3.88	3.66	3.77	4.4	4.6	4.395	3.15	2.79	3.58	4	4.16	4	3.06	3.47	2.8	3.4	3.79	4.48	4.49	4.17	3.26	3.36	3.69	3.04	4.03	3.89	2.75
MS4A1	9.48	9.44	9.76	9.62	9.81	9.73	10.02	10.04	9.82	10.17	8.095	7.56	7.44	8.01	8.44	7.99	7.81	8.17	8.38	8.83	8.54	7.66	7.42	8.4	8.04	8.54	8.1	8.5	8.03	8.24	8.03	8.23
MSR1	6.8	6.13	5.14	5.42	6.44	5.27	5.64	6.78	6.33	5.8	6.595	6.66	6.16	5.48	5.9	6.11	8.16	8.02	7.27	6.07	6.17	5.88	5.7	5	5.34	5.52	4.78	4.38	6.85	6.51	6.41	6.17
MUC1	4.06	3.74	3.81	3.93	3.55	3.88	3.66	3.77	4.53	3.86	3.685	4.32	4.8	3.93	3.41	3.75	3.19	3.65	3.01	3.9	3.04	3.34	3.37	3.68	3.41	3.26	3.36	3.99	3.13	4.11	2.97	3.4
MX1	11.71	12.12	10.26	10.07	10.05	9.4	9.68	12.52	10.45	10.05	13.9	13.83	13.19	11.39	10.77	10.38	14.01	13.25	12.94	11.66	10.52	10.22	10.25	10.31	10.23	10.47	10.31	10.34	13.6	13.22	12.39	11.16
MYD88	10.66	10.71	10.15	10.26	10.3	10.36	10.49	10.76	10.52	10.46	11.45	11.34	11.48	10.87	10.71	10.46	11.25	10.88	10.71	10.45	10.09	10.37	10.19	10.38	10.41	10.48	10.01	10.17	10.64	10.49	10.6	10.56
NCAM1	7.14	6.78	6.53	7.15	7.25	6.31	7.27	5.92	6.96	6.48	7.6	7.65	7.21	7.11	6.96	7.33	6.73	6.78	6.7	6.52	7.53	6.74	7.53	7.46	7.26	6.38	6.83	5.99	6.24	6.22	6.14	6.53
NCF4	10.51	9.86	9.99	10.02	9.95	9.97	10.21	9.95	10.03	10.5	10.735	10.76	11.25	10.31	10.45	9.95	10.27	9.84	9.22	9.8	8.82	9.91	9.5	10.03	9.96	9.79	9.1	9.97	9.08	9.33	9.45	9.78
NCR1	7.89	7.91	7.7	8.13	8.08	7.1	8.55	7.32	7.71	7.64	7.875	7.72	8.09	7.59	7.08	7.3	7.82	7.84	7.68	7.5	8.27	6.9	7.33	7.8	7.22	7.14	7.45	6.62	8.06	7.81	7.9	8.22
NFATC1	7.5	7.09	6.84	7.26	6.88	7.29	7.23	7.49	6.95	7.14	7.24	7.47	7.49	7.06	7.27	7.45	7.58	7.42	7.49	7.47	7.58	7	7.42	7.28	7.26	7.17	7.47	7.27	6.93	6.99	6.76	7.02
NFATC2	9.45	9.89	9.75	10.03	9.46	9.77	9.76	9.47	9.61	9.4	10.165	10.22	9.88	10	9.68	9.96	9.6	9.86	9.85	9.81	10.08	9.32	10.09	9.99	9.82	9.36	9.59	9.34	9.89	9.8	9.64	9.88
NFATC3	9.89	10	9.89	10.05	10.06	9.99	10.03	9.98	9.95	9.93	9.76	9.9	9.75	9.82	9.68	9.79	9.72	9.8	9.76	9.85	10.01	9.71	10.07	10.01	9.87	9.75	9.89	9.84	10.06	10.05	9.96	10.09
NFIL3	9.39	9.1	8.67	8.98	8.94	8.8	9.3	9.13	9.16	9.31	9.84	9.84	10.16	9.08	8.89	8.27	8.98	8.37	7.88	8.16	7.19	7.94	7.6	8.29	8.03	8.06	7.27	7.71	7.95	8.08	8.25	7.97
NFKB1	7.91	7.7	7.7	7.96	7.89	7.46	7.81	7.67	8.05	8.07	8.03	8.18	8.15	8.11	7.85	7.63	7.91	7.83	7.72	7.73	7.66	7.45	7.5	7.41	7.44	7.73	7.82	7.92	7.9	7.64	7.79	7.87
NFKB2	8.79	8.56	8.39	8.38	8.31	8.43	8.43	8.35	8.6	8.85	8.66	9.09	9.5	9.28	9.07	8.32	8.4	8.39	8.23	8.42	7.85	7.87	7.85	7.95	8.23	7.89	7.94	7.99	8.01	8.02	7.78	8.19
NFKBIA	10.97	10.95	10.72	10.77	10.9	10.93	10.8	10.93	11.03	11.03	11.63	12.08	12.42	12.06	11.69	10.77	11.5	11.19	11.06	10.82	10.85	10.56	10.39	10.26	10.49	11.1	10.69	10.59	10.93	10.77	11.02	10.94
NFKBIZ	8.83	8.95	8.56	8.83	8.8	8.68	8.8	8.87	8.98	9	9.52	9.57	10	9.37	9.27	8.56	9.26	8.94	8.72	8.77	8.37	8.27	8.33	8.59	8.53	8.39	8.09	8.33	8.48	8.42	8.41	8.25
NLRP3	6.77	6.56	6.53	6.27	7.13	7.21	6.88	7.14	6.81	6.66	7.9	7.76	7.58	7.18	7.23	6.9	7.69	7.2	7.3	7	6.74	6.46	6.46	6.89	6.76	6.95	6.83	6.82	7.07	6.88	7.08	7.22
NOD1	6.54	6.71	6.66	6.57	6.81	6.68	6.74	6.72	6.61	6.53	6.95	7.37	6.93	6.37	6.09	6.53	7.46	7.27	6.85	6.84	6.65	6.33	6.51	6.8	6.57	6.57	6.59	6.4	7.16	6.88	6.89	6.53
NOD2	9.28	9.23	8.92	9.03	8.85	8.94	8.07	8.81	9	9.14	9.855	9.98	10.14	9.29	9.29	8.69	9.19	8.9	8.45	8.34	8.06	8.41	8.23	8.52	8.73	8.21	7.72	7.7	8.46	8.72	8.52	8.78
NOS2	3.81	3.74	3.81	4.67	3.79	4.02	3.66	3.77	4.47	3.86	3.125	3.15	2.79	3.23	3.26	3.14	3.19	3.51	2.88	2.8	3.04	3.34	3.37	3.56	3.41	2.75	3.36	3.4	3.04	3.45	2.96	2.45
NOTCH1	8.78	8.75	8.65	8.33	8.64	8.46	8.94	8.73	8.77	9.16	9.1	9.15	9.43	8.91	9	8.49	8.81	8.29	8.17	8.42	8.39	8.02	8.04	8.46	8.6	8.24	7.82	8.61	7.81	7.61	7.74	8.31
NOTCH2	10.84	10.51	10.41	10.37	10.87	10.47	10.69	10.7	10.79	10.84	10.88	11.16	11.26	10.86	10.69	10.44	10.96	10.74	10.46	10.44	10.11	10.19	10.19	10.35	10.37	10.35	10.1	10.33	10.31	10.13	10.28	10.46
NT5E	6.76	6.79	6.77	6.16	7	6.55	7.33	7.41	7.43	7.62	5.64	5.87	5.5	5.73	5.41	5.57	6.15	6.1	6.2	6.55	6.59	5.84	5.82	5.62	5.52	6.71	6.82	6.91	6.48	6.76	6.43	6.5
PAX5	7.37	6.78	7.26	7.11	7.78	7.46	7.88	8.08	7.69	7.54	6.19	6.26	5.8	6.46	6.2	6.28	5.54	5.95	6.22	6.19	6.1	5.97	6.17	6.07	5.9	6.43	6.69	6.4	5.92	6.2	5.84	5.83
PDCD1	4.76	4.44	5.42	4.67	3.79	4.55	4.6	5.27	5.53	4.39	5.285	5.37	4.8	5.16	5.14	5.97	6.12	5.97	6.06	5.74	5.78	5.83	5.7	5.42	5.89	6.11	5.93	6.08	5.62	5.54	5.29	4.9
PDCD1LG2	5.49	5.16	4.89	4.67	4.94	5.23	4.94	5	4.96	5.07	6.3	5.94	6.47	5.12	4.73	4.01	5.18	5.15	5.06	3.81	4.08	3.34	3.99	4.62	4.22	3.52	4.03	4.24	3.99	3.45	4.26	3.26
PDCD2	5.92	6.1	6.05	6.27	6.24	6.13	6.25	6.23	6.14	5.88	6.545	5.83	6.16	5.9	6.28	5.82	6.45	6.42	6.3	6.26	6.17	5.71	6.03	6.12	5.8	6.46	6.37	6.24	6.66	6.37	6.49	6.28
PDGFB	3.81	3.74	4.31	3.47	3.55	3.88	4.08	3.77	3.82	3.86	3.125	3.15	2.79	3.23	3.09	3.14	3.19	3.06	2.88	3.07	3.25	3.34	3.37	3.56	3.41	2.75	3.36	3.69	3.04	3.45	3.71	2.45
PDGFRB	6.04	5.21	5.31	5.67	6.15	5.31	6.19	5	5.26	4.83	6.27	6.85	6.19	5.76	5.52	6.07	5.86	6.15	5.92	5.84	6.59	4.71	5.58	5.9	5.48	4.52	4.99	4.08	7.19	6.83	6.69	6.81
PECAM1	12.05	11.65	11.5	11.44	12.08	11.78	11.83	11.84	11.68	11.71	11.54	11.67	11.9	11.71	11.77	11.56	11.52	11.28	11.15	11.26	11.09	11.56	11.31	11.52	11.53	11.61	11.19	11.86	11.05	11	11.35	11.41
PIGR	3.81	4.26	3.81	3.47	3.55	3.88	3.66	3.77	3.82	3.86	3.125	3.15	2.79	3.23	3.09	3.14	3.19	3.06	2.88	2.9	3.04	3.34	3.37	3.56	3.41	2.75	3.36	3.4	3.04	3.45	2.96	2.45
PLA2G2A	3.81	3.74	3.81	3.47	3.55	3.88	3.66	3.77	3.82	3.86	3.62	3.15	4.12	3.23	3.09	3.14	3.19	3.06	2.88	2.8	3.04	3.34	3.37	3.56	3.41	2.75	3.36	3.4	3.04	3.45	2.96	2.45
PLA2G2E	4.31	4.6	4.14	4.42	3.55	3.88	4.08	4.39	4.18	4.07	3.75	4.32	2.79	3.23	3.41	3.43	3.19	3.06	2.88	3.71	3.54	3.34	3.37	3.56	3.41	3.52	3.36	3.9	3.92	3.45	3.71	3.94
PLAU	3.81	3.74	4.46	4.03	3.99	4.35	3.66	4.14	3.82	4.07	3.125	3.79	4.12	3.7	4.18	4.36	4	3.36	2.88	3.71	3.04	4.24	4.3	3.68	3.58	3.26	3.47	3.45	3.04	3.57	4.05	3.75
PLAUR	7.77	7.55	7.25	7.06	7.44	6.89	6.98	7.26	7.51	7.78	7.975	7.97	8.34	7.83	7.71	7.3	7.69	7.4	6.88	6.8	6.45	7.12	6.7	6.55	7.05	7.18	6.62	7.46	6.76	6.52	7.15	7.31
PML	8.88	9.23	8.58	8.76	8.22	8.33	8.33	9.34	8.12	8.6	9.93	9.86	9.6	8.39	8.19	7.9	9.93	9.69	8.91	8.35	8.01	7.86	7.93	7.91	8.12	7.9	7.77	7.83	9.16	8.77	8.32	7.95
POU2F2	8.28	8.41	8.23	8.12	8.37	8.39	8.37	8.65	8.67	8.23	7.91	7.79	7.78	8.24	8.38	8.09	8.52	8.5	8.4	8.38	7.95	7.55	7.86	7.77	8.16	8.33	8.09	8.07	7.91	7.95	7.95	8.18
PPARG	4.06	4.26	3.81	3.83	4.33	3.88	3.66	3.77	4.18	3.86	4.185	5.2	4.89	3.93	4.09	3.3	3.19	3.65	4.18	2.8	3.04	3.34	3.87	3.68	3.5	2.75	3.36	3.4	3.37	3.77	2.97	3.53
PPBP	13.22	13.17	13.17	13.09	12.78	13.52	13.59	12.68	12.98	13.71	13.22	12.54	13.31	12.95	13.21	12.98	11.67	11.96	11.08	11.16	11.01	12.91	12.46	13.56	12.51	10.76	10.48	12.1	9.67	9.9	10.53	10.43
PRDM1	8.77	9.13	8.71	9.04	8.46	8.48	8.7	8.71	8.96	8.96	9.13	9.63	9.29	9.22	8.73	8.64	9.3	9.24	8.99	8.74	9.01	8.24	8.91	8.84	8.58	8.66	8.54	8.09	8.84	8.63	8.87	8.88
PRF1	11.65	12.14	11.77	12.41	12.03	11.94	12.53	11.44	11.65	11.32	12.91	13.06	12.28	12.19	11.81	12.09	12.15	12.31	12.18	11.82	12.73	11.6	12.25	12.12	11.78	11.52	11.78	10.81	12.66	12.35	12.4	12.51
PRKCD	10.18	9.94	9.74	9.56	9.94	9.9	9.72	9.86	9.86	10.05	10.705	10.76	11.16	10.48	10.37	9.98	10.27	9.93	9.65	9.62	9.22	9.92	9.71	9.79	9.98	9.66	9.33	9.57	9.59	9.55	9.84	9.87
PSMB10	9.56	9.64	9.65	9.8	9.57	9.61	9.54	9.88	9.47	9.52	9.51	9.33	9.11	9.08	9.16	9.12	9.39	9.57	9.39	9.04	9.13	8.94	8.92	9.19	8.9	9.04	9.15	9.14	9.35	9.22	9.15	9.23
PSMB5	7.89	7.9	7.83	7.85	7.83	7.75	7.57	7.93	8.06	7.83	8.13	8.21	8.18	8.07	8.01	7.86	8.17	8.1	8.25	8.09	8.19	7.38	7.02	6.95	7.41	7.6	7.17	7.54	8.05	7.81	7.91	8.08
PSMB7	9.52	9.58	9.32	9.6	9.65	9.86	9.65	9.77	9.66	9.43	9.585	9.49	9.4	9.41	9.31	9.46	9.72	9.74	9.7	9.57	9.45	9.37	9.04	9.21	9.24	9.42	9.45	9.53	9.59	9.71	9.59	9.26
PSMB8	10.99	10.98	10.81	10.78	10.74	10.71	10.7	11.09	10.68	10.77	11.275	11.19	11.05	10.69	10.7	10.67	11.42	11.42	11.12	10.88	10.7	10.49	10.43	10.51	10.34	10.6	10.52	10.68	11.25	11.11	11	10.82
PSMB9	11.43	11.41	11.31	11.03	10.96	10.88	10.9	11.42	10.93	11.06	12.335	12.18	12.21	11.52	11.46	11.29	12.24	12.3	11.77	11.5	11.31	11.25	10.98	11.05	11.16	11.4	11.17	11.38	12.09	11.8	11.76	11.57
PSMC2	8.7	8.7	8.59	8.77	8.62	8.76	8.48	8.93	8.78	8.55	9.1	9.25	8.94	8.96	8.75	8.88	9.06	9.15	9.25	9.1	8.96	7.97	7.71	8.03	8.09	8.25	7.96	7.99	8.86	8.75	8.85	8.6
PSMD7	9.71	9.65	9.57	9.64	9.73	9.73	9.6	9.82	9.72	9.65	9.62	9.65	9.66	9.6	9.72	9.56	9.61	9.86	9.83	9.79	9.79	9.43	9.33	9.3	9.46	9.77	9.62	9.5	9.92	9.9	10.02	9.93
PTAFR	10.17	9.61	9.97	9.63	9.98	9.77	9.7	9.75	9.41	10.07	9.13	9.43	10.05	9.73	9.54	9.09	8.69	8.43	8.09	8.7	8.5	9.1	8.65	9.2	9.09	9.1	8.56	9.35	7.91	8.1	8.39	8.8
PTGER4	8.15	7.76	7.68	8.2	7.84	7.61	7.89	7.71	7.87	7.34	7.185	7.03	6.82	6.96	6.69	6.85	7.09	7.31	7.21	6.93	7.31	6.9	7.11	7.35	6.88	7.06	7.09	7.09	7.23	6.66	7.03	7
PTGS2	7.67	6.92	7.02	6.75	6.74	6.52	6.54	7.08	6.35	7.15	6.965	7.13	7.43	6.83	6.91	6.39	7.09	6.62	5.82	6.71	5.81	6.8	6.39	7.09	7.01	7.21	6.5	7.13	5.8	6.2	6.73	6.5
PTK2	7.63	8.06	7.72	7.39	7.49	7.68	7.99	7.75	7.34	7.72	8.26	7.47	8.03	7.76	8.15	7.37	7.18	7.12	6.9	6.84	6.59	7.84	7.64	7.59	7.82	7.04	6.93	7.15	6.69	6.82	7.18	7.13
PTPN2	7.79	7.83	7.8	7.95	7.81	7.69	7.52	8	7.78	7.6	7.745	7.82	7.76	7.63	7.49	7.52	7.97	7.99	7.77	7.7	7.73	7.6	7.72	7.35	7.61	7.78	7.79	7.82	7.83	7.95	7.87	7.93
PTPN22	8.45	8.44	8.58	8.61	8.62	8.64	8.56	8.62	8.37	8.43	8.405	8.59	8.43	8.58	8.57	8.56	8.29	8.27	8.21	8.27	8.58	8.11	8.12	8.47	8.27	8.09	7.58	7.97	8.46	8.48	8.59	8.39
PTPN6	11.25	11.15	11.06	11.13	11.14	11.08	11.19	11.31	11.24	11.37	11.41	11.22	11.48	11.07	11.07	10.85	11.33	11.18	11	11.01	10.81	10.84	10.92	11.07	10.92	11.07	10.78	10.92	10.88	10.86	10.93	11.06
PTPRC_all	13.79	13.34	13.05	13.36	13.4	13.57	13.35	13.44	13.45	13.5	13.875	14.06	14.33	13.74	13.43	13.46	13.72	13.64	13.36	13.49	13.27	12.85	12.83	13.23	12.93	13.15	12.99	13.32	13.3	13.33	13.33	13.08
PYCARD	7.52	7.39	7.48	7.14	7.26	7.27	7.51	7.54	7.05	7.36	7.955	7.87	7.9	7.59	7.61	7.53	7.65	7.76	7.46	7.4	7.04	7.15	6.97	7.27	7.25	7.53	7.07	7.61	7.29	7.17	7.5	7.71
RAF1	10.36	10.04	9.76	9.98	9.99	9.91	9.79	10.03	9.83	10.2	10.435	10.36	10.86	10.29	10.41	10.02	10.2	9.76	9.55	9.87	9.61	9.81	9.56	9.98	10.01	10.02	9.47	9.98	9.55	9.61	9.76	10.08
RAG1	4.92	4.81	3.81	4.2	4.26	4.55	4.47	4.39	4.4	4.46	4.22	5.01	4.8	4.44	3.55	3.65	4	3.36	4.26	3.81	4.08	3.93	3.99	4.09	3.93	3.26	3.47	3.8	3.99	3.86	3.26	4.11
RAG2	3.81	3.74	3.81	3.47	3.55	3.88	3.66	3.77	3.82	3.86	3.125	3.15	2.79	3.23	3.09	3.14	3.19	3.06	2.88	2.8	3.04	3.34	3.37	3.9	3.41	2.75	3.36	3.4	3.04	3.45	2.96	3.26
RARRES3	9.49	9.93	9.67	9.1	9.58	9.75	9.81	9.77	9.56	9.7	9.96	9.8	9.43	9.41	9.28	9.54	9.91	9.94	9.94	9.7	9.85	9.31	9.57	9.47	9.36	9.56	9.66	9.64	10.39	10.12	10.1	9.89
RELA	8.03	8.12	7.93	7.93	7.92	7.97	7.86	8.17	7.9	7.77	8.025	7.78	7.67	7.54	7.19	7.32	7.81	7.79	7.57	7.55	7.42	7.25	7.22	7.39	7.02	7.42	7.56	7.42	7.53	7.49	7.42	7.35
RELB	7.14	7.52	7.13	6.91	6.92	7.46	7.44	7.43	7.48	7.5	7.405	7.45	8.22	7.84	7.39	6.97	7.32	6.99	6.78	6.69	6.1	6.13	6.24	6.22	6.21	6.65	6.47	6.54	6.68	6.83	6.73	6.67
RORC	6.13	6.1	6.14	5.61	6.29	5.7	5.4	6.51	5.74	5.6	4.995	5.14	5.97	5.29	4.26	4.88	5.93	5.65	5.68	5.84	6.12	4.71	4.84	5.05	4.62	5.64	5.8	5.85	5.82	5.57	5.55	5.47
RUNX1	7.52	7.26	7.74	7.43	7.63	7.42	7.39	7.09	7.25	7.13	8.175	8.64	8.24	7.87	7.55	7.69	7.7	7.87	7.68	7.52	7.48	7.61	7.88	8.23	7.76	7.6	7.66	7.36	7.5	7.56	7.75	7.8
S100A8	14.69	14.42	14.16	13.83	14.05	14.95	14.78	14.1	14.23	14.59	16.495	16.43	16.78	15.68	15.38	15.01	14.52	14.44	14.04	14.47	13.13	13.91	13.46	13.6	13.72	13.23	12.19	13.37	13.07	13.5	13.76	13.63
S100A9	15.6	15.31	15.04	14.79	15.08	15.67	15.45	15.09	15.15	15.28	17.345	17.07	17.42	16.42	16.19	15.7	15.5	15.47	15.01	15.47	14.28	14.66	13.79	14.09	14.6	14.43	13.25	14.23	14.24	14.64	14.81	14.8
S1PR1	7.39	7.98	8.09	7.96	7.49	7.51	7.65	7.35	7.94	7.87	7.41	7.41	6.53	6.83	6.71	7.01	6.9	7	7.38	7.4	7.22	6.68	7.24	7.68	6.82	7.17	7.62	7.27	7.19	6.82	7.13	7.19
SELE	4.31	3.74	3.81	4.35	4.17	4.02	3.78	4.23	4.47	3.86	3.125	3.15	3.97	3.44	3.26	4.23	4.12	3.89	3.18	3.23	3.78	3.71	3.37	3.56	3.41	3.85	3.36	3.4	3.26	4.11	2.96	3.75
SELL	12.95	12.49	12.48	12.37	12.46	12.05	12.56	12.61	12.51	12.75	13.805	13.61	13.68	12.65	12.52	12.06	12.92	12.41	12.2	12.25	11.72	11.99	11.42	11.8	12	12.32	11.73	12.07	12.46	12.39	12.52	12.45
SELPLG	8.5	8.04	8.14	8.25	8.34	8.28	7.91	7.83	8.09	8.14	8.08	8.46	8.56	7.89	8.14	7.72	7.96	7.79	7.5	7.41	7.53	7.58	7.69	7.86	7.98	7.51	7.3	7.68	7.58	7.44	7.56	7.86
SERPING1	8.01	8.73	7.77	7	6.48	6.33	5.99	8.62	5.89	5.9	11.725	11.4	11.38	9.14	8.71	8.24	10.95	10.97	10.09	8.56	6.98	8.3	7.66	7.39	8.46	7.14	7.3	7.87	10.46	9.92	9.01	7.77
SH2D1A	8.6	9.28	8.98	9.11	8.77	9.09	8.69	8.92	8.74	8.42	8.955	8.66	8.35	8.53	8.7	9.19	8.9	9.05	9.31	9.36	9.45	8.37	8.32	8.38	8.25	8.61	8.33	8.68	8.95	8.85	8.76	8.52
SIGIRR	8.85	8.97	8.8	9.15	8.6	8.79	8.99	8.86	8.74	8.6	8.47	8.24	8.14	8.3	8.02	8.28	8.28	8.66	8.55	8.7	8.68	8.12	8.53	8.68	8.33	8.39	8.61	8.35	8.49	8.5	8.45	8.46
SKI	9.49	9.18	9.45	9.32	9.3	9.3	9.23	9.38	9.32	9.38	8.54	8.51	8.59	8.69	9.2	8.84	8.67	8.64	8.78	8.98	9.1	8.72	8.85	9.16	8.87	9.02	8.84	9.14	8.47	8.53	8.56	9.19
SLAMF1	6.15	6.33	6.37	6.18	6.13	5.78	5.75	6.37	6.24	6.05	5.345	5.08	4.39	5.79	6.18	5.57	6.65	6.6	6.54	7.11	6.86	5.79	5.89	6.09	5.46	6.77	6.52	6.82	6.37	6.17	6.19	6.28
SLAMF6	7.49	7.72	7.72	7.9	7.51	7.95	7.82	7.6	7.95	7.87	6.735	7.06	6.44	6.7	6.68	6.5	6.84	6.92	7.03	7.13	7.45	6.55	6.75	6.82	6.69	6.72	6.87	6.82	7.2	6.86	7.37	7.2
SLAMF7	7.25	7.72	6.75	7.47	7.38	7.53	7.57	7.45	7.31	7.38	8.635	8.2	8.02	8.41	8.03	8.09	8.01	8.2	8.12	7.89	7.9	7.43	8.03	7.8	7.69	7.28	7.53	7.12	8.33	8.01	8.16	8.2
SLC2A1	6.42	6.98	6.82	6.52	6.17	6.89	6.77	6.23	6.67	6.46	6.58	6.64	6.56	6.21	6.07	6.05	5.71	6.32	5.92	6.19	6.38	5.54	6.09	6.43	6.07	6.11	5.99	5.63	6.08	6.26	6.19	6.32
SMAD3	8.14	8.42	8.17	8.37	7.95	8.33	8.13	8.38	8.21	8.24	7.925	7.97	7.97	8.21	8.31	7.93	8.48	8.6	8.62	8.74	8.84	8.05	8.38	8.38	8.31	8.5	8.46	8.31	8.28	8.26	8.2	8.37
SMAD5	7.1	7.42	7.38	7.34	7.4	7.42	7.6	7.75	7.38	6.98	7.86	7.79	7.68	7.73	7.94	7.72	7.68	7.81	7.7	7.71	8.03	7.85	7.81	7.78	7.89	7.81	7.72	7.42	7.55	7.52	7.5	7.49
SOCS1	6.43	6.71	6.68	7.12	6.48	6.25	5.6	6.72	6.64	6.22	7.715	8.65	7.28	7.43	6.76	6.44	8.7	8.76	7.66	6.75	7.51	6.52	6.92	6.84	6.72	7.04	6.78	5.97	7.48	6.86	6.84	6.54
SOCS3	7.7	7.79	7.25	7.28	6.88	7.59	7.55	7.08	7.59	7.45	10.04	10.28	9.8	8.14	7.4	6.75	7.49	7.37	7.06	7.53	6.03	6.2	5.84	6.62	6.5	6.17	6.27	7.12	6.4	6.78	6.35	6.17
SPP1	4.52	4.26	4.53	3.47	4.09	3.88	4.47	4.31	4.59	3.86	3.125	3.15	2.79	3.93	3.68	4.3	3.19	3.06	3.01	3.49	3.88	3.86	3.37	3.8	3.93	3.64	3.36	4.31	3.04	3.45	3.38	4.19
SRC	7.47	7.64	6.66	7.03	7.15	7.72	7.23	7.57	7.47	7.19	8.19	7.78	8	7.59	7.67	7.5	7.9	7.99	7.6	7.38	7.01	7.77	7.58	7.19	7.93	6.92	6.85	6.68	7.45	6.96	7.22	7.1
STAT1	10.4	10.54	9.93	10.1	9.71	9.52	9.55	10.8	9.71	10.11	12.245	12.3	12	11.08	10.57	10.36	12.52	12.49	11.88	10.74	10.14	10.26	10.19	10.23	10.25	10.41	10.26	10.62	12.2	11.89	11.14	10.51
STAT2	9.99	10.24	9.44	9.53	9.51	9.43	9.18	10.53	9.42	9.34	11.14	11.37	10.99	10.02	9.63	9.43	11.48	11.41	10.57	9.84	9.38	9.17	9.3	9.49	9.49	9.3	9.25	9.28	10.75	10.28	9.96	9.44
STAT3	10.95	10.65	10.56	10.63	10.45	10.57	10.65	10.66	10.56	10.71	11.8	11.84	12.03	11.31	11.15	10.92	11.36	11.1	10.79	10.79	10.46	10.79	10.77	10.73	10.86	10.79	10.5	10.87	10.84	10.73	10.85	10.93
STAT4	8.22	8.64	8.59	8.74	8.27	8.23	8.22	8.11	8.48	8.21	8.645	8.77	8.63	8.47	8.43	8.61	8.53	8.71	8.67	8.78	9.03	8.22	8.58	8.63	8.53	8.53	8.44	8.32	9.05	9.06	8.98	9.05
STAT5A	8.62	8.69	8.43	8.59	8.42	8.41	8.39	8.73	8.52	8.56	8.775	8.77	8.7	8.17	8.3	8.04	8.64	8.69	8.48	8.52	8.44	7.73	7.99	8.11	8.01	8.15	7.98	8.22	8.08	8.01	7.87	8.14
STAT5B	9.92	9.77	9.71	9.71	9.48	9.47	9.76	9.7	9.88	10	10.545	10.65	10.93	10.2	10.21	9.87	9.94	9.84	9.67	10.08	9.73	9.76	9.61	9.91	9.98	10.07	9.66	9.94	9.73	9.76	9.87	9.99
STAT6	10.43	10.36	10.39	10.4	10.36	10.37	10.54	10.52	10.09	10.42	9.985	9.97	10.46	10.1	10.14	9.85	10.07	9.81	9.53	9.75	9.54	9.84	9.73	9.94	10.12	9.88	9.56	10	9.66	9.63	9.6	9.89
SYK	10.22	9.6	9.67	9.56	10.2	9.9	9.99	10.18	9.99	10.13	10.13	10.23	10.41	10.2	10.16	9.88	10.28	10.08	9.91	9.94	9.71	9.77	9.7	9.68	9.86	10.07	9.85	10	9.41	9.39	9.62	9.9
TAGAP	11.98	11.48	11.61	11.6	11.66	11.44	11.33	11.74	11.38	11.68	11.535	11.63	11.78	11.26	11.16	11.16	11.77	11.64	11.31	11.23	11.31	10.97	11.1	11.33	10.87	11.02	10.92	11.41	10.97	10.82	10.74	10.49
TAL1	8.21	8.87	8	7.78	7.84	8.32	8.46	8.08	7.55	7.94	8.4	8.43	8.54	8.27	8.37	7.93	6.6	6.53	6.18	5.76	6.05	8.01	8.06	8.16	8.09	5.8	6.31	6.5	5.92	5.51	6.32	6.25
TAP1	8.67	8.9	8.52	8.42	8.39	8.27	8.39	8.74	8.32	8.48	9.65	9.81	9.55	8.95	8.61	8.14	9.38	9.42	8.77	8.42	8.02	7.56	7.68	8.09	8.16	7.83	7.74	7.93	8.65	8.42	8.41	8.16
TAP2	9.08	9.02	8.73	8.7	8.42	8.73	8.52	9.28	8.6	8.5	9.835	9.94	9.73	8.95	8.65	8.29	9.54	9.33	8.92	8.52	8.37	8.36	8.53	8.58	8.47	8.37	8.14	8.3	8.3	8.24	8.16	7.99
TAPBP	11.11	10.93	10.85	10.95	10.78	10.73	10.91	10.99	10.92	11	11.205	11.33	11.39	11.01	10.7	10.62	11.07	10.98	10.87	10.7	10.64	10.24	10.47	10.53	10.39	10.47	10.45	10.55	10.52	10.37	10.3	10.41
TBK1	7.93	8.12	7.82	7.98	7.97	7.86	7.98	8.04	7.94	8.04	8.91	8.78	8.88	8.42	8.37	8.16	8.4	8.37	8.06	8.28	8.08	7.72	7.51	7.95	8	7.82	7.39	7.63	8.26	8.11	8.16	8.22
TBX21	9.36	9.9	9.5	10.11	9.42	9.8	9.89	9.38	9.51	9.27	10.805	10.74	10.57	10.33	10.09	10.44	9.86	10.02	10.07	9.78	10.28	9.87	10.54	10.43	10.09	9.45	9.67	8.72	10.62	10.42	10.4	10.58
TCF4	7.15	6.95	7.1	6.93	7.11	6.83	7.47	7.98	7.49	7.4	7.08	7.37	6.97	6.81	6.61	6.09	7.62	7.04	6.87	6.75	6.68	6.61	6.62	6.45	6.4	6.81	7.09	6.65	6.94	7.07	7.41	7.04
TCF7	10.53	10.34	10.66	10.63	9.91	9.8	10.16	10.26	10.26	10.35	8.72	8.35	7.9	8.79	8.85	8.92	9.9	10.26	10.52	10.73	10.6	9.14	9.29	9.25	9.04	10.51	10.75	10.67	10.33	10.31	10.17	10.16
TFRC	9.29	10.23	9.52	9.37	9.16	9.22	10.02	9.44	9.2	9.76	8.78	7.78	8.11	8.32	8.61	8.33	8.81	8.65	8.6	8.58	8.59	8.14	8.1	9.73	8.4	8.42	8.2	8.68	8.12	8.1	8.44	8.26
TGFB1	10.71	10.88	10.79	10.87	10.66	10.83	10.83	10.68	10.64	10.75	11.31	11.26	11.46	11.14	11.15	10.89	10.58	10.72	10.52	10.46	10.48	10.89	10.82	10.67	10.95	10.29	10.32	10.33	10.44	10.21	10.42	10.73
TGFBI	9.75	9.42	9.45	9.54	10.2	9.98	9.58	9.82	9.96	9.33	8.84	9.15	8.65	8.93	8.84	8.7	9.55	9.48	9.52	9.34	9.16	8.82	8.61	8.93	8.87	9.59	9.26	9.25	9.13	9.03	9.33	9.46
TGFBR1	8.87	8.69	8.67	8.74	8.84	8.65	8.85	8.63	8.43	8.8	8.72	8.6	8.89	8.45	8.43	8.18	8.02	8.3	8.11	8.19	8.39	7.95	8.12	8.4	8.25	8.31	7.92	7.94	8.38	8.34	8.46	8.55
TGFBR2	10.26	10.03	9.98	9.91	10.1	10.12	10.05	10.12	9.87	10.17	10.53	10.45	10.78	10.26	10.2	10.13	10.17	9.99	9.9	10.02	9.94	9.91	10.02	10.19	10.07	10.06	10.04	10.21	9.96	9.97	9.96	10.09
THY1	3.81	3.74	3.81	3.47	3.55	3.88	3.66	3.77	3.82	3.86	3.125	3.15	2.79	3.23	3.09	3.14	3.19	3.06	2.88	2.8	3.04	3.34	3.37	3.56	3.41	2.75	3.36	3.4	3.04	3.45	2.96	2.45
TICAM1	7.18	7.08	6.68	6.83	6.81	7.05	6.86	7.31	7	6.83	7.52	7.55	7.5	7.52	7.47	7.33	7.7	7.56	7.34	7.28	7.29	6.69	7.03	6.69	6.97	6.78	6.97	6.81	7.14	6.86	6.92	6.99
TIGIT	7.89	7.79	8.08	8.17	8.32	8.13	8.28	8	8.03	7.9	7.285	7.1	6.95	6.81	7.24	7.6	8.16	7.91	8.32	8.36	8.36	7.33	7.66	7.25	7.49	8.12	8.21	8.19	7.88	7.93	7.72	7.47
TIRAP	6.5	6.58	6.39	6.03	6.41	6.79	6.06	6.39	6.27	6.43	6.07	6.32	6.44	5.73	5.61	5.67	6.03	5.86	5.79	5.66	5.6	5.56	5.6	5.3	5.8	5.72	5.52	5.45	5.48	5.26	5.26	5.3
TLR1	11.22	10.78	10.56	10.72	10.72	10.58	10.99	10.92	10.74	10.91	11.67	11.77	12.09	11.13	11.1	10.48	11.14	10.97	10.48	10.91	10.04	10.32	9.96	10.54	10.43	10.7	10.19	10.72	10.19	10.35	10.34	10.52
TLR2	11.08	10.24	9.7	10.11	9.83	10.2	9.76	10.37	10.24	10.32	11.765	12.16	12.24	11.33	11.19	10.65	11.5	10.91	10.43	10.71	10.04	10.43	9.9	10.02	10.51	10.77	10.19	9.97	10.32	10.3	10.81	10.9
TLR3	4.52	5.71	5.78	5.58	5.33	5.23	5.44	5.6	5.26	5.43	6.73	6.71	5.89	5.44	5.3	5.65	5.4	5.75	5.71	5.03	5.69	4.63	5.74	5.52	5.22	4.85	5.03	4.74	5.88	5.84	5.44	5.37
TLR4	10.21	9.64	9.58	9.49	9.74	9.74	9.63	9.9	9.61	9.86	10.92	11.12	11.41	10.29	10.06	9.67	10.49	9.82	9.26	9.4	8.78	9.56	9.06	9.46	9.5	9.59	8.92	9.63	9.26	9.46	9.57	9.58
TLR5	7.22	7.05	6.41	7.14	6.8	6.86	7.09	6.75	7.39	6.8	8.825	9.16	9.45	7.9	7.34	6.83	7.54	7.22	7.09	7.12	6.14	5.95	5.96	6.18	6.55	6.48	5.91	6.6	6.59	6.45	6.27	6.15
TLR7	5.92	5.74	5.39	5.24	5.89	5.86	5.47	6.35	5.5	5.46	6.475	6.45	5.76	5.33	5.48	5.67	7.49	7.44	6.92	6.28	5.6	5.37	5.21	5.52	5.08	5.98	5.87	5.45	6.89	6.72	6.26	6.3
TLR8	10.13	9.51	9.17	9.31	9.77	9.51	9.55	9.65	9.49	9.8	10.29	10.7	10.97	9.95	9.68	9.44	9.88	9.66	9.19	9.31	8.76	9.06	8.52	8.89	9.04	9.42	8.94	9.3	9.13	9.12	9.39	9.15
TLR9	5.87	5.6	5.53	5.83	5.73	5.23	5.54	6.21	5.91	6.05	5.355	5.66	5.71	5.25	5.26	4.79	5.18	5	5.14	5.3	4.94	5.15	4.67	5.38	5.46	5.15	5.06	5.57	4.8	4.82	5.16	5.19
TMEM173	9.08	9.26	9.23	9.52	8.99	9.39	9.01	9.06	9.19	8.84	9.875	9.88	9.6	9.35	9.36	9.57	9.83	9.74	9.67	9.57	9.56	9.34	9.58	9.42	9.31	9.28	9.5	9	9.66	9.45	9.61	9.6
TNF	7.58	7.91	7.81	7.45	7.15	7.37	7.44	7.88	8.06	7.3	8.1	7.43	8.15	7.89	7.78	7.7	7.4	7.5	7.44	7.53	7.27	7.4	7.47	7.77	7.62	7.36	7.29	7.43	7.72	7.74	7.72	8.12
TNFAIP3	8.3	8.52	8.19	8.59	8.35	8.27	8.22	8.58	8.26	8.57	8.655	9.4	9.4	9.18	8.7	7.87	8.99	8.49	8.49	8.18	8.47	7.71	7.91	7.93	8.07	8.25	8.08	8.3	8.46	8.34	8.19	8.29
TNFAIP6	6.29	7.3	5.53	6.29	5.81	6.07	6.33	6.18	5.74	6.69	8.045	8.18	8.29	7.36	6.26	5.84	7.74	7.24	6.28	5.99	5.4	4.3	3.74	4.62	3.93	3.75	4.15	4.99	4.67	5.29	4.89	3.94
TNFRSF10C	12.82	12.47	12.08	12.04	12.32	12.11	12.56	12.35	12.24	12.63	12.78	12.63	13.11	11.86	11.85	11.3	12.12	11.36	10.88	11.58	10.52	11.13	10.71	11.64	11.29	11.31	10.61	12.02	10.74	10.89	10.95	11.2
TNFRSF11A	4.38	5.1	5.09	4.93	3.67	4.61	4.08	4.66	4.81	4.83	4.855	5.2	4.89	4.29	3.9	4.54	4.63	4.71	4.33	4.23	4.94	3.93	3.87	4.18	4.11	4.4	4.09	4.57	4.43	4.03	3.5	4.11
TNFRSF13B	4.64	5.35	5.66	5.24	4.61	4.88	5.6	4.89	4.26	5.88	4.535	4.32	4.5	5.48	5.18	4.79	5.49	4.95	5.01	5.07	5.36	4.71	4.52	4.9	4.66	5.07	5.12	5.16	4.88	4.67	5.44	5.15
TNFRSF13C	8.4	7.82	8.64	8.48	8.62	8.66	9.03	8.76	8.83	8.94	7.125	6.77	6.71	6.98	7.27	6.91	6.9	7	7.24	7.71	7.49	6.82	6.96	7.07	6.88	7.75	7.61	7.6	7.15	7.18	6.93	7.38
TNFRSF14	9.59	9.35	9.23	9.39	9.4	9.45	9.33	9.47	9.37	9.33	9.325	9.37	9.64	9.18	9.19	9.09	9.62	9.48	9.21	9.14	9.12	8.81	8.75	8.96	8.92	8.91	8.75	9.03	8.83	8.91	8.91	8.86
TNFRSF17	6.73	7.49	7.15	5.7	7.14	6.53	7.67	7.35	6.5	8.29	7.655	7.93	8.11	8.87	8.72	8.09	9.31	8.45	8.73	8.37	8.14	5.03	4.9	5	4.84	5.58	4.15	5.27	4.43	5.82	6.68	6.32
TNFRSF1B	10.35	10.23	10.07	10	10.26	10.17	10.07	10.39	10.33	10.31	10.6	10.64	10.66	10.29	10.11	10.07	10.63	10.24	10.13	10.01	9.87	9.85	9.82	10.05	9.94	9.87	9.71	10.1	10.03	9.82	9.94	10.07
TNFRSF4	4.15	3.74	5.23	4.2	4.99	4.61	4.25	4.66	5.26	4.77	3.125	4.32	3.61	4.51	3.26	3.54	4.79	4.51	3.92	4.55	3.98	3.86	4.05	4	3.41	4.46	4.47	4.31	4.26	4.11	4.32	3.4
TNFRSF8	6.99	6.65	6.61	6.87	7.32	6.95	6.91	6.69	7.26	6.36	6.555	6.69	7.14	6.23	6.86	6.7	7.76	6.82	7.17	6.9	6.63	6.68	6.57	6.8	6.73	6.81	6.57	6.93	6.27	6.19	6.54	6.62
TNFRSF9	5.19	4.93	4.31	4.42	4.61	3.93	4.94	4.31	5.05	4.6	4.535	5.14	5.05	4.7	4.73	4.84	4.12	3.65	3.47	3.81	3.25	3.93	3.74	4.95	4.77	4.46	3.82	4.74	3.48	3.45	3.5	2.53
TNFSF10	10.99	11.2	10.49	10.37	10.46	10.24	10.45	11.31	10.47	10.77	12.605	12.25	12.14	10.96	10.75	10.38	12.63	12.48	11.36	10.86	9.92	10.19	9.88	10.08	10.19	10.31	9.87	10.31	11.8	11.35	10.96	10.36
TNFSF11	4.31	4.16	4.53	4.2	3.99	3.88	4.67	3.77	4.33	4.53	3.685	4.2	4.26	3.93	3.09	4.23	4.45	4.28	2.88	3.9	3.78	3.86	3.6	4.34	3.93	4.11	4.27	4.85	3.67	4.19	3.97	3.64
TNFSF12	8.73	8.58	8.62	8.49	8.73	8.68	8.5	8.4	8.61	8.55	8.3	8.26	8.06	8.03	7.89	7.93	8.2	7.93	7.96	8.04	8.08	7.94	7.8	7.93	7.99	8.35	8.14	7.87	8.04	7.86	8.25	8.29
TNFSF13B	10.65	10.89	9.77	10.13	10.11	9.78	10.02	10.99	10.01	10.04	11.79	11.54	11.46	9.92	9.39	9.12	11.42	11.02	10.26	9.78	8.78	8.74	8.21	8.86	8.66	9.1	8.57	9.04	10.38	10.27	9.78	9.3
TNFSF15	5.87	5.87	5.23	4.35	5.21	4.67	4.99	5.35	5.05	5.53	6.535	6.32	6.8	5.9	4.85	4.6	5.18	5.24	5.37	5.07	4.25	4.4	4.15	4.62	4.27	4.11	3.82	4.51	5.13	5.29	5.12	5.07
TNFSF4	7.81	7.93	7.54	7.44	7.2	8.26	7.88	7.5	7.32	7.73	8.49	8.2	8.61	8.34	8.23	8.11	7.4	7.37	6.75	6.84	6.94	8.53	8	7.94	8.23	7.08	6.82	7.28	6.4	6.59	7.04	6.79
TNFSF8	7.9	7.59	7.49	7.34	7.73	7.65	6.96	7.91	7.58	7.26	7.725	7.59	7.62	7.14	7.39	6.83	8.28	7.74	7.72	7.63	7.78	6.96	6.62	6.78	6.97	7.73	7.62	7.45	7.28	7.21	7.64	7.72
TOLLIP	9.09	9.1	8.9	8.77	8.69	8.93	8.9	8.91	8.88	8.62	9.115	9.1	9.38	8.89	8.95	8.74	8.95	8.93	8.67	8.59	8.43	8.32	8.4	8.26	8.52	8.34	8	8.25	8.37	8.2	8.33	8.58
TP53	8.69	8.71	8.33	8.61	8.76	8.8	8.41	8.96	8.76	8.47	9.03	8.99	8.63	9.05	8.91	9.1	9.14	9.24	9.26	9.13	9.1	8.86	9.04	8.55	8.82	8.91	9.27	9.06	9.31	9.18	8.98	8.93
TRAF1	6.95	6.72	7.51	7.32	6.89	7.07	6.23	7.13	7.18	7.01	6.155	5.9	6.05	6.42	6.61	6.35	6.96	7.26	7.39	7.69	7.56	6.67	6.94	6.86	6.92	7.6	7.41	7.23	6.83	6.93	6.9	7.45
TRAF2	7	6.72	6.91	7.1	6.85	6.53	6.79	6.88	7.06	6.92	6.975	7.33	6.8	6.99	7.16	6.86	7.12	7.31	7.13	6.8	7.05	6.82	7.02	6.86	6.88	6.82	7.08	6.99	7.47	7.29	7.09	7.21
TRAF3	8.07	8.16	7.98	7.95	8.03	8.23	7.93	8.35	8.37	8.29	7.545	7.8	8.04	8.25	8.26	7.48	7.6	7.57	7.89	7.73	7.66	7.27	7.38	7.37	7.43	7.67	7.6	7.62	7.63	7.45	7.68	7.9
TRAF4	6.01	6.1	5.89	6.18	6.04	6.02	6.03	6.25	5.96	6.05	5.655	5.43	5.71	5.12	5.85	5.33	5.29	5.15	5.26	5.52	4.83	4.97	5.21	5.49	5.24	5.52	5.24	5.31	5.53	5.65	5.55	5.4
TRAF5	7.17	7.38	7.41	7.51	7.05	7.22	7.4	7.5	7.55	7.36	6.75	6.69	6.63	6.75	6.83	7.11	7.65	7.35	7.46	7.54	7.71	7.18	7.41	7.49	7.4	7.77	7.93	7.64	7.64	7.53	7.55	7.32
TRAF6	7.4	7.51	7.59	7.47	7.53	7.42	7.3	7.3	7.49	7.64	8.475	8.39	8.49	8.24	8.17	7.95	8.1	8.21	7.92	8.01	7.78	7.79	8.14	8.14	8.05	7.94	7.97	7.88	8.15	8.2	8.32	8.1
TYK2	9.56	9.26	9.2	9.22	9.34	9.32	9.13	9.35	9.19	9.46	9.205	9.47	9.86	9.41	9.55	9.3	9.34	8.98	8.87	9.1	9	8.96	9.11	9.29	9.28	9.2	8.82	9.18	8.53	8.54	8.66	8.75
UBE2L3	7.53	7.99	7.91	7.81	7.89	8.08	7.75	7.97	7.98	7.69	8.305	8.14	8.27	7.92	7.8	7.78	7.93	7.93	7.82	7.84	7.62	7.85	7.91	7.77	7.89	7.82	7.78	7.88	8.17	7.87	7.88	7.8
VCAM1	4.45	4.35	4.84	4.2	3.55	3.88	4.08	3.95	4.26	3.98	3.545	3.15	4.61	4.37	3.09	3.65	3.86	3.06	3.47	3.36	3.54	3.54	3.37	3.56	3.5	4.03	3.36	3.9	3.26	3.45	3.12	3.26
VTN	4.15	3.74	3.81	4.11	4.09	3.88	3.66	4.14	3.82	3.86	3.125	3.15	3.61	3.23	3.09	3.14	4.35	3.06	2.88	2.9	3.04	3.34	3.37	3.56	3.41	2.94	3.36	3.4	3.04	3.45	2.96	2.94
XBP1	8.54	9.02	8.76	8.89	8.84	8.55	8.87	8.71	8.61	8.56	9.47	9.63	9.57	9.81	9.52	9.19	9.66	9.52	9.7	9.33	9.21	8.72	8.68	8.54	8.68	8.88	8.74	8.38	9.03	9.2	9.7	9.69
XCL1	4.81	5.16	4.72	5.11	4.99	4.72	4.4	4.95	5.01	5.12	4.935	4.43	3.61	4.03	3.68	3.16	4.79	4.19	3.18	3.36	4.25	3.34	3.37	4	3.41	3.4	3.74	3.9	3.48	4.03	4.05	4.03
XCR1	3.97	4.44	3.81	3.73	3.55	3.93	3.99	3.77	3.82	3.86	4.045	3.94	3.8	3.23	3.41	3.54	4	3.51	3.33	2.8	4.4	3.34	3.37	3.9	3.41	2.94	3.57	3.69	3.58	3.45	3.26	3.4
ZAP70	8.97	9.2	8.97	9.45	8.88	8.85	9.1	8.81	8.97	8.79	9.8	9.92	9.86	9.64	9.4	9.78	9.92	9.98	9.98	10.04	10.21	9.34	9.95	10.01	9.8	9.48	9.61	9.41	9.98	10.02	9.79	9.89
ZBTB16	7.05	6.78	6.09	6.96	6.7	5.91	6.64	6.62	6.29	5.74	7.975	8.6	8.27	7.85	7.97	7.74	8.49	7.37	7.33	7.21	8.15	7.12	7.79	7.69	7.43	7.55	7.36	6.33	6.81	6.65	7.3	7.73
ZEB1	6.61	6.72	6.85	6.53	6.02	6.38	6.38	6.53	6.53	7.04	6.59	6.11	6.93	6.49	6.07	5.77	6.32	5.78	5.97	6.28	5.78	6.14	6.01	6.2	6.07	6.6	6.18	6.4	5.97	6.05	6.16	6.05
sCTLA4	3.81	3.74	3.81	3.61	3.55	3.88	3.66	3.77	3.82	3.86	3.125	3.79	3.8	3.23	3.09	3.14	3.19	3.06	2.88	2.8	3.54	3.34	3.37	3.56	3.41	2.75	3.36	3.4	3.04	3.45	2.96	2.45